0	315
2	22
3	14
4	11
5	12
6	9
7	12
8	18
9	11
10	13
11	12
12	13
13	15
14	8
15	19
16	15
17	15
18	12
19	7
20	14
21	8
22	14
23	14
24	12
25	10
26	12
27	12
28	19
29	9
30	17
31	5
32	7
33	15
34	14
35	10
36	10
37	4
38	11
39	5
40	7
41	12
42	10
43	9
44	4
45	5
46	6
47	10
48	9
49	12
50	8
51	6
52	11
53	7
54	3
55	7
56	9
57	6
58	10
59	7
60	4
61	7
62	11
63	9
64	6
65	9
66	8
67	7
68	4
69	4
70	5
71	7
72	5
73	5
74	4
75	3
76	7
77	7
78	6
79	6
80	5
81	4
82	6
83	12
84	4
85	3
86	3
87	1
88	4
89	2
90	6
91	8
92	3
93	7
94	5
95	2
96	6
97	6
98	6
99	11
100	2
101	6
102	2
103	4
104	2
105	2
106	9
107	4
108	4
109	5
110	2
111	4
112	2
113	3
114	1
115	1
116	1
117	3
118	6
119	1
120	3
121	3
122	2
123	2
124	3
125	2
126	4
127	7
128	4
129	3
130	4
131	5
132	6
134	1
135	2
136	2
137	4
138	1
139	1
141	2
142	3
143	2
144	4
145	4
146	2
147	2
149	1
150	3
151	5
152	4
153	2
154	2
155	2
156	4
157	4
158	3
159	2
160	4
161	1
162	3
163	2
164	4
165	3
166	3
167	1
168	1
169	3
170	4
171	1
172	2
173	1
174	4
175	4
176	6
177	3
178	2
179	1
180	7
181	3
182	3
184	3
186	2
187	2
188	2
189	5
190	2
191	4
192	3
193	3
194	1
195	3
196	3
197	3
198	2
199	3
200	2
201	1
203	4
204	1
205	2
207	2
209	2
210	1
211	1
212	2
213	2
216	3
217	1
218	1
219	2
220	2
221	2
222	1
223	2
224	3
225	3
227	1
228	4
229	4
230	1
231	1
232	1
233	2
234	1
235	5
236	2
237	3
238	3
241	1
242	1
244	2
245	1
246	6
247	4
249	2
250	2
251	4
252	3
253	1
255	2
256	3
257	1
258	2
259	2
261	2
262	1
263	2
264	3
265	1
266	1
267	4
268	2
269	1
270	2
271	3
272	2
273	1
274	5
275	2
276	3
277	2
278	3
279	2
280	3
281	2
282	3
283	1
284	1
285	2
287	2
288	1
289	3
290	1
291	3
292	1
295	1
296	5
297	1
298	3
299	1
301	3
302	2
303	1
304	3
305	5
306	5
307	1
308	1
309	3
310	4
311	3
312	2
313	1
314	1
315	1
316	2
317	3
318	3
319	2
320	2
323	4
324	1
325	2
326	2
328	1
333	1
334	4
336	3
338	3
339	3
341	1
344	3
345	2
346	2
347	2
348	3
349	1
350	1
351	2
352	2
354	1
355	1
356	3
357	3
358	2
359	1
360	3
361	3
363	3
365	1
366	2
367	2
370	1
371	1
373	1
375	2
376	1
377	1
378	1
379	2
380	2
382	3
383	1
384	2
386	1
387	2
388	1
390	2
391	3
392	1
394	2
396	1
397	4
400	1
402	1
403	1
404	1
405	3
406	1
407	1
408	5
409	1
410	1
411	2
412	2
413	6
414	2
415	1
416	1
417	1
418	2
419	1
420	3
421	4
422	1
423	1
424	1
425	2
426	2
428	1
429	1
430	1
431	4
432	1
433	2
434	1
435	3
438	1
439	3
440	1
442	3
444	2
445	2
448	1
450	2
452	1
455	2
456	3
457	3
458	1
460	4
461	1
462	1
463	2
465	1
468	2
470	3
471	1
472	2
475	1
477	1
480	2
481	4
482	3
483	3
484	2
485	3
489	1
491	2
492	2
493	1
498	1
499	1
500	2
501	2
503	4
505	3
506	1
507	1
509	1
511	1
512	3
513	1
514	1
515	4
516	1
517	3
520	4
521	1
522	2
524	2
525	1
526	2
527	2
528	3
529	1
530	3
531	3
532	3
533	4
534	3
536	1
537	2
539	2
540	1
541	1
542	2
543	2
547	2
548	1
549	1
550	1
551	3
552	3
554	2
556	2
557	2
558	1
560	1
561	1
562	3
563	2
564	2
565	4
566	5
567	4
568	2
569	1
570	1
571	1
572	4
573	1
574	4
576	1
577	1
578	3
579	1
580	3
581	1
582	3
583	1
584	1
586	2
587	2
588	1
589	2
593	2
594	2
595	1
596	1
598	1
600	3
601	1
602	2
603	1
604	1
606	3
607	2
608	2
609	1
610	2
611	4
612	1
613	1
614	1
615	3
616	2
617	2
618	3
619	1
620	1
622	3
623	1
624	1
625	1
626	2
628	4
630	1
631	3
632	3
635	1
637	2
638	1
639	1
641	3
642	1
643	1
644	1
645	2
646	2
648	2
650	1
651	1
653	2
654	1
655	1
656	3
657	1
659	2
660	4
661	1
662	1
665	2
667	2
668	1
669	2
671	1
672	2
674	1
677	1
679	2
680	1
681	1
683	1
686	1
687	2
689	2
690	2
692	1
693	1
694	5
696	2
697	1
698	1
699	3
701	4
703	3
705	1
706	3
710	2
711	5
712	2
713	2
714	1
715	3
716	3
717	5
718	1
719	1
720	3
721	3
722	1
724	3
725	2
726	5
727	2
728	1
729	5
731	2
733	1
735	1
736	1
737	1
738	3
739	3
741	2
742	3
743	3
744	4
745	3
746	1
747	1
749	1
750	1
751	4
752	1
753	4
754	1
755	1
757	3
758	3
760	1
762	5
763	4
764	1
765	3
766	2
767	1
768	2
769	5
770	2
771	3
772	1
773	3
774	2
775	1
776	1
777	2
778	1
779	2
780	1
781	1
782	3
783	1
784	1
785	1
786	1
787	1
788	4
790	3
791	2
792	2
793	3
794	2
795	2
796	1
797	8
798	1
799	1
800	4
801	2
802	2
803	1
804	1
805	1
807	1
808	1
809	1
810	3
811	2
812	2
813	3
814	2
816	3
818	1
819	1
820	1
821	2
822	1
823	1
824	4
825	1
826	2
827	1
828	2
829	3
830	1
832	2
833	2
835	3
836	2
837	1
838	4
839	2
840	2
841	2
842	4
844	3
845	2
847	1
848	4
849	1
850	2
851	1
852	2
853	3
854	1
855	1
856	2
857	1
858	3
859	1
860	3
861	1
862	3
863	3
864	3
867	1
868	2
869	1
870	3
872	2
873	4
874	5
875	2
876	2
877	1
878	4
879	3
880	1
881	2
882	4
883	1
884	4
886	3
887	3
888	2
889	3
890	3
891	2
892	2
893	1
894	2
895	2
896	2
897	2
898	6
899	5
900	5
901	6
902	3
903	1
904	2
905	3
906	3
907	1
908	1
910	5
911	5
912	4
913	4
914	3
915	6
916	3
917	2
918	7
919	4
920	4
921	6
922	3
923	5
924	4
925	10
926	4
927	8
928	6
929	3
930	5
931	6
932	7
933	5
934	7
935	3
936	6
937	5
938	4
939	6
940	5
941	2
942	5
943	2
944	5
945	6
946	5
947	3
948	5
949	5
950	7
951	5
952	5
953	7
954	7
955	5
956	2
957	9
958	9
959	7
960	14
961	8
962	2
963	7
964	7
965	9
966	5
967	4
968	9
969	5
970	10
971	14
972	10
973	16
974	9
975	12
976	11
977	20
978	18
979	14
980	10
981	13
982	10
983	11
984	20
985	20
986	21
987	17
988	16
989	24
990	17
991	23
992	13
993	22
994	35
995	30
996	41
997	54
998	85
999	136
1000	316
