0	1000
2	32
3	18
4	17
5	14
6	11
7	15
8	9
9	6
10	5
11	5
12	6
13	6
14	4
15	11
16	5
17	4
18	5
19	4
20	4
21	4
22	3
23	3
24	4
25	1
26	2
28	2
29	3
30	1
32	1
33	1
34	1
35	1
37	1
38	4
39	1
41	3
42	1
43	1
44	1
46	1
47	1
48	1
49	1
51	3
52	1
54	2
59	1
60	1
62	1
63	1
64	1
65	1
66	3
67	1
68	2
69	3
70	1
71	1
72	2
74	1
75	1
76	1
77	1
79	1
80	1
82	5
83	1
84	1
85	3
86	1
91	1
93	2
94	2
95	1
97	2
98	1
100	1
102	1
103	1
104	2
105	1
106	1
107	1
108	1
110	1
112	1
113	2
118	2
120	1
121	1
122	2
123	3
126	1
127	1
128	2
130	1
131	1
132	1
133	2
136	1
137	1
138	1
139	1
140	1
142	1
143	1
147	1
151	1
153	1
156	1
158	2
159	3
160	1
161	2
162	1
164	1
165	3
166	1
168	1
169	1
170	1
172	1
173	1
174	1
176	1
177	1
178	1
180	2
181	3
182	1
183	2
184	2
188	1
189	1
190	1
193	2
195	3
196	1
199	1
200	1
206	2
209	1
210	2
212	1
213	1
214	2
216	2
220	2
221	2
222	1
224	1
227	1
229	1
231	1
232	1
234	1
235	1
236	1
238	1
239	1
242	2
244	1
249	2
250	2
251	1
254	3
256	1
257	1
258	1
259	1
262	1
264	2
266	1
268	1
271	2
274	1
276	1
277	1
278	1
284	1
287	1
288	1
290	1
291	1
292	2
293	2
294	1
295	2
296	3
298	1
301	2
303	1
304	2
306	1
310	1
312	2
313	1
314	2
317	1
318	2
320	1
322	1
323	1
325	1
326	2
327	1
329	2
331	1
334	2
337	3
340	2
341	5
342	1
347	1
348	1
349	1
350	2
352	1
353	1
354	2
355	1
356	2
358	1
360	1
362	2
365	1
368	1
369	1
371	2
372	2
374	1
375	1
377	1
380	2
381	1
382	2
383	1
385	2
387	3
388	1
390	1
391	4
393	1
394	2
395	1
397	1
398	1
401	3
402	1
403	2
404	1
405	1
406	1
408	4
409	1
410	1
416	1
417	2
418	2
419	1
420	2
422	1
423	1
424	1
427	1
429	2
431	1
433	2
434	3
435	2
437	1
438	1
439	1
441	1
442	1
444	4
445	2
446	1
450	3
451	2
453	1
455	1
456	1
457	1
459	2
460	1
461	2
462	2
463	2
464	1
466	2
467	1
469	1
470	3
471	1
472	1
475	1
476	2
477	2
478	1
479	1
480	1
481	3
482	1
485	2
486	1
487	3
488	3
489	1
491	1
493	1
494	3
496	1
497	1
498	1
500	3
503	1
504	1
505	1
507	1
509	2
510	1
511	1
512	6
514	1
516	1
519	1
525	1
527	1
528	1
531	1
532	1
535	1
537	1
539	1
540	1
541	1
542	1
543	2
545	2
546	2
548	2
550	1
551	1
552	1
554	1
555	1
556	3
557	1
558	2
559	2
561	1
562	2
564	2
566	1
567	2
569	1
570	1
573	1
575	1
577	3
579	3
580	1
581	2
582	2
584	1
585	3
586	2
590	2
591	1
592	1
593	3
594	1
595	2
596	1
597	2
599	1
600	1
603	1
604	2
605	1
607	1
609	2
610	1
612	1
613	1
614	2
615	1
616	1
617	2
619	1
620	1
622	2
624	2
625	1
626	2
628	4
629	4
631	3
632	2
634	2
635	2
636	2
637	1
638	1
639	1
640	1
641	1
642	3
643	3
644	3
645	2
646	1
647	2
648	1
649	1
650	3
651	5
652	2
653	1
654	2
656	3
657	2
658	4
659	2
660	3
661	3
662	1
663	4
664	1
665	5
666	4
668	2
669	3
672	2
673	1
674	5
675	2
676	4
677	3
678	1
680	3
681	2
682	1
683	2
684	1
685	2
686	5
687	3
688	2
689	3
690	5
691	3
692	2
693	1
694	4
696	2
698	2
699	3
700	2
701	2
703	2
704	6
705	3
706	3
707	1
708	3
709	2
710	1
711	2
712	2
713	2
714	2
715	3
717	3
719	4
720	4
721	1
722	1
724	3
725	3
726	1
727	3
728	3
729	3
730	2
731	1
732	4
733	3
734	4
735	3
736	5
737	4
738	1
739	2
740	2
741	3
742	6
743	5
744	5
745	2
746	5
747	5
748	2
749	1
750	4
751	3
752	4
755	1
756	1
757	1
758	3
759	4
760	6
761	4
762	3
763	1
764	3
765	4
766	4
767	7
768	7
769	4
770	3
771	8
772	6
773	5
774	4
775	3
776	1
777	6
778	5
779	3
780	3
781	3
782	5
783	3
784	6
785	2
786	2
787	1
788	2
789	2
790	4
791	2
792	7
793	6
794	4
795	1
796	5
797	3
798	3
799	2
800	1
801	3
802	1
803	3
804	3
805	3
806	4
807	3
808	2
809	2
810	6
811	3
812	2
813	1
814	1
815	4
816	3
817	3
818	3
819	4
820	7
821	3
822	3
823	4
824	4
825	5
826	3
827	3
828	4
829	7
830	1
831	5
832	11
833	4
834	7
835	4
836	4
837	3
838	4
839	3
840	3
841	3
842	6
843	3
844	4
845	3
846	4
847	6
848	5
849	5
850	6
851	2
852	2
853	3
854	3
855	9
856	5
857	5
858	5
859	3
860	7
861	3
862	2
863	4
864	2
865	7
866	5
868	1
869	3
870	4
871	2
872	3
873	2
874	3
875	5
876	1
877	2
878	2
879	6
880	4
881	3
882	2
883	4
884	4
885	3
886	3
888	3
889	3
890	5
891	4
892	3
893	3
894	4
895	2
896	3
897	3
898	2
899	1
900	4
901	4
902	9
903	4
904	3
905	5
906	4
907	3
908	3
909	2
910	7
911	6
912	3
913	4
915	4
916	4
918	2
919	2
921	3
922	4
923	2
924	4
925	2
926	3
927	7
928	5
929	1
930	6
931	2
933	3
934	3
935	4
936	2
937	3
938	5
939	3
940	4
941	7
942	2
943	4
944	2
945	5
946	3
947	4
948	3
949	2
950	5
951	3
952	5
953	4
954	4
955	6
956	3
957	5
958	2
959	5
960	4
961	4
962	2
963	4
964	5
965	3
966	4
967	4
968	2
969	9
970	6
971	2
972	10
973	5
974	6
975	4
976	1
977	2
978	3
979	5
980	8
981	6
982	10
983	2
984	8
985	3
986	9
987	5
988	10
989	9
990	9
991	5
992	9
993	10
994	13
995	18
996	28
997	37
998	46
999	120
1000	777
