0	201
11	1
15	1
24	1
30	1
32	1
62	1
63	1
70	1
74	2
77	1
78	1
88	1
97	1
119	1
120	1
125	1
131	1
141	1
161	1
163	1
169	1
187	1
189	1
190	1
191	1
194	1
195	1
202	1
204	1
206	1
210	1
216	2
218	1
219	1
230	1
234	2
236	2
239	1
244	2
250	1
251	1
255	1
257	1
258	1
261	1
263	2
264	2
267	2
269	1
272	2
273	1
276	2
277	1
278	1
279	1
280	1
283	1
288	1
291	1
294	1
300	1
301	1
303	1
304	1
306	1
308	1
309	2
313	1
315	1
316	1
317	1
319	1
324	3
326	2
328	1
329	1
331	1
332	1
333	2
337	1
338	1
343	1
347	1
348	1
351	1
352	1
354	1
357	2
358	1
360	3
361	1
367	1
368	2
370	2
372	2
374	3
375	1
377	1
379	3
380	1
382	1
383	1
386	1
388	1
389	3
390	3
393	1
394	5
395	2
396	1
398	1
400	1
401	2
403	3
405	1
406	1
407	4
409	3
410	2
411	1
412	1
413	1
414	3
415	1
416	3
417	1
418	2
419	1
420	2
421	2
422	1
423	3
424	5
425	1
426	1
427	1
428	1
429	1
430	5
431	1
432	2
433	1
434	3
436	3
437	2
438	4
440	2
441	3
442	3
443	2
444	2
445	2
446	3
447	3
448	1
449	3
450	4
451	2
452	3
453	3
454	4
455	2
456	2
457	2
458	3
459	3
460	5
461	2
462	3
463	3
464	4
465	4
466	3
467	5
468	2
469	2
470	3
471	3
472	1
473	4
474	1
476	4
477	4
478	3
479	4
480	4
481	2
482	2
483	2
484	5
485	3
486	4
487	3
488	2
489	4
490	8
491	4
492	3
493	4
494	4
495	2
496	3
497	4
498	3
499	5
500	4
501	7
502	4
503	7
504	6
505	1
506	3
507	5
508	2
509	3
510	3
511	2
512	8
513	4
514	3
515	10
516	4
517	4
518	9
519	5
520	3
521	4
522	1
523	3
524	4
525	5
526	8
527	2
528	6
529	5
530	6
531	6
532	9
533	1
534	3
535	9
536	6
537	5
538	5
539	4
540	4
541	5
542	4
543	2
544	3
545	1
546	6
547	8
548	6
549	6
550	9
551	15
552	4
553	6
554	6
555	5
556	11
557	6
558	5
559	10
560	2
561	5
562	4
563	6
564	12
565	5
566	8
567	2
568	10
569	3
570	5
571	9
572	7
573	3
574	2
575	6
576	12
577	7
578	7
579	9
580	6
581	9
582	10
583	3
584	7
585	4
586	4
587	5
588	7
589	8
590	5
591	5
592	4
593	4
594	4
595	4
596	6
597	7
598	1
599	10
600	4
601	6
602	7
603	7
604	13
605	9
606	9
607	11
608	5
609	8
610	6
611	3
612	7
613	7
614	6
615	13
616	8
617	8
618	6
619	13
620	3
621	5
622	8
623	7
624	3
625	6
626	6
627	12
628	11
629	9
630	5
631	7
632	14
633	4
634	6
635	5
636	8
637	5
638	5
639	3
640	4
641	7
642	5
643	5
644	6
645	5
646	2
647	8
648	5
649	9
650	7
651	6
652	7
653	5
654	5
655	4
656	6
657	4
658	3
659	8
660	2
661	11
662	11
663	6
664	10
665	2
666	3
667	8
668	4
669	4
670	6
671	5
672	9
673	6
674	6
675	6
676	5
677	8
678	6
679	3
680	7
681	5
682	12
683	6
684	8
685	6
686	3
687	6
688	2
689	5
690	3
691	1
692	1
693	5
694	4
695	6
696	5
697	6
698	5
699	4
700	7
701	3
702	8
703	7
704	4
705	6
706	7
707	5
708	3
709	4
710	3
711	3
712	5
713	5
714	2
715	5
716	6
717	2
718	7
719	3
720	6
721	3
722	3
723	9
724	2
725	2
726	5
727	5
728	4
729	3
730	3
731	4
732	4
733	3
734	4
735	4
736	6
737	7
738	4
739	1
740	4
741	3
742	3
743	5
744	4
745	6
746	6
747	4
748	7
749	8
750	6
751	7
752	6
753	3
754	3
755	8
756	5
757	3
758	6
759	6
760	3
761	2
762	1
763	5
764	8
765	2
766	8
767	9
768	12
769	4
770	7
771	3
772	4
773	7
774	9
775	2
776	5
777	8
778	2
779	7
780	3
781	6
782	3
783	2
784	7
785	4
786	4
787	4
788	7
789	3
790	6
791	9
792	3
793	3
794	4
795	5
796	6
797	5
798	8
799	4
800	3
801	5
802	5
803	3
804	4
805	2
806	2
807	5
808	3
809	6
810	1
811	2
812	4
813	4
814	7
815	4
816	4
817	4
818	7
819	6
820	6
821	5
822	4
823	7
824	2
825	5
826	2
827	9
828	7
829	2
830	4
831	4
832	6
833	3
834	4
835	8
836	7
837	4
838	4
839	4
840	6
841	8
842	8
843	6
844	9
845	5
846	6
847	1
848	3
849	6
850	2
851	6
852	2
853	9
854	2
855	8
856	4
857	7
858	7
859	4
860	6
861	9
862	5
863	5
864	5
865	4
866	4
867	9
868	2
869	9
870	12
871	2
872	6
873	1
874	6
875	6
876	4
877	4
878	9
879	8
880	5
881	9
882	7
883	3
884	3
885	8
886	3
887	5
888	6
889	6
890	9
891	9
892	8
893	4
894	1
895	4
896	2
897	4
898	5
899	5
900	5
901	6
902	2
903	8
904	2
905	4
906	8
907	10
908	6
909	7
910	4
911	8
912	6
913	5
914	4
915	3
916	8
917	10
918	3
919	1
920	6
921	6
922	9
923	6
924	6
925	9
926	4
927	9
928	10
929	8
930	8
931	12
932	3
933	2
934	3
935	9
936	7
937	3
938	4
939	6
940	4
941	7
942	8
943	7
944	5
945	8
946	8
947	11
948	7
949	8
950	10
951	6
952	10
953	8
954	9
955	10
956	3
957	9
958	11
959	3
960	11
961	9
962	9
963	11
964	7
965	6
966	8
967	8
968	14
969	11
970	10
971	8
972	15
973	20
974	10
975	13
976	9
977	17
978	11
979	20
980	16
981	21
982	15
983	14
984	23
985	11
986	18
987	11
988	18
989	22
990	23
991	17
992	21
993	23
994	21
995	28
996	30
997	31
998	32
999	45
1000	175
