0.0
0.0
0.0
2.0E-6
2.0E-6
2.0E-6
2.0E-6
6.0E-6
6.0E-6
8.0E-6
1.2E-5
1.4E-5
1.6E-5
1.8E-5
1.8E-5
1.8E-5
1.9999999999999998E-5
2.2E-5
2.2E-5
2.4E-5
2.8E-5
2.8E-5
3.2E-5
3.6E-5
3.7999999999999995E-5
5.6E-5
5.8E-5
5.8E-5
6.4E-5
7.2E-5
7.4E-5
7.4E-5
7.4E-5
7.8E-5
7.999999999999999E-5
8.4E-5
8.8E-5
8.8E-5
8.999999999999999E-5
9.2E-5
9.6E-5
9.6E-5
9.999999999999999E-5
1.04E-4
1.06E-4
1.06E-4
1.0999999999999999E-4
1.0999999999999999E-4
1.12E-4
1.18E-4
1.22E-4
1.24E-4
1.26E-4
1.28E-4
1.3E-4
1.4E-4
1.4199999999999998E-4
1.44E-4
1.46E-4
1.48E-4
1.5E-4
1.54E-4
1.54E-4
1.56E-4
1.58E-4
1.58E-4
1.5999999999999999E-4
1.5999999999999999E-4
1.6199999999999998E-4
1.6199999999999998E-4
1.6199999999999998E-4
1.64E-4
1.64E-4
1.64E-4
1.66E-4
1.6999999999999999E-4
1.6999999999999999E-4
1.74E-4
1.7999999999999998E-4
1.7999999999999998E-4
1.86E-4
1.88E-4
1.94E-4
1.94E-4
1.94E-4
1.94E-4
1.96E-4
1.96E-4
1.96E-4
2.04E-4
2.08E-4
2.0999999999999998E-4
2.12E-4
2.14E-4
2.14E-4
2.1799999999999999E-4
2.1999999999999998E-4
2.22E-4
2.26E-4
2.26E-4
2.26E-4
2.26E-4
2.2799999999999999E-4
2.2999999999999998E-4
2.32E-4
2.34E-4
2.36E-4
2.3799999999999998E-4
2.44E-4
2.44E-4
2.44E-4
2.4599999999999996E-4
2.48E-4
2.5E-4
2.5E-4
2.52E-4
2.52E-4
2.54E-4
2.54E-4
2.56E-4
2.6E-4
2.6199999999999997E-4
2.6399999999999997E-4
2.66E-4
2.68E-4
2.7E-4
2.7E-4
2.7E-4
2.7E-4
2.72E-4
2.78E-4
2.78E-4
2.8199999999999997E-4
2.8399999999999996E-4
2.8399999999999996E-4
2.86E-4
2.86E-4
2.88E-4
2.88E-4
2.92E-4
2.94E-4
2.94E-4
2.94E-4
2.96E-4
2.98E-4
2.98E-4
3.0E-4
3.06E-4
3.06E-4
3.1E-4
3.12E-4
3.12E-4
3.12E-4
3.14E-4
3.14E-4
3.14E-4
3.1999999999999997E-4
3.2199999999999997E-4
3.26E-4
3.26E-4
3.3E-4
3.32E-4
3.34E-4
3.36E-4
3.36E-4
3.38E-4
3.3999999999999997E-4
3.46E-4
3.46E-4
3.48E-4
3.5E-4
3.5E-4
3.5E-4
3.52E-4
3.56E-4
3.56E-4
3.5999999999999997E-4
3.6399999999999996E-4
3.66E-4
3.66E-4
3.7E-4
3.7E-4
3.72E-4
3.72E-4
3.76E-4
3.7799999999999997E-4
3.8199999999999996E-4
3.8199999999999996E-4
3.8199999999999996E-4
3.8199999999999996E-4
3.8199999999999996E-4
3.84E-4
3.86E-4
3.88E-4
3.88E-4
3.88E-4
3.9E-4
3.9E-4
3.92E-4
3.92E-4
3.94E-4
3.96E-4
3.96E-4
3.96E-4
3.9799999999999997E-4
3.9999999999999996E-4
4.0199999999999996E-4
4.0199999999999996E-4
4.0199999999999996E-4
4.04E-4
4.06E-4
4.08E-4
4.12E-4
4.14E-4
4.16E-4
4.16E-4
4.1799999999999997E-4
4.1799999999999997E-4
4.1999999999999996E-4
4.2199999999999996E-4
4.28E-4
4.32E-4
4.32E-4
4.32E-4
4.34E-4
4.34E-4
4.3799999999999997E-4
4.4199999999999996E-4
4.44E-4
4.46E-4
4.46E-4
4.46E-4
4.48E-4
4.5E-4
4.54E-4
4.5599999999999997E-4
4.5599999999999997E-4
4.5799999999999997E-4
4.5799999999999997E-4
4.5999999999999996E-4
4.5999999999999996E-4
4.5999999999999996E-4
4.7E-4
4.7E-4
4.7599999999999997E-4
4.7799999999999996E-4
4.7799999999999996E-4
4.7999999999999996E-4
4.8199999999999995E-4
4.86E-4
4.88E-4
4.9E-4
4.919999999999999E-4
4.94E-4
4.94E-4
5.02E-4
5.04E-4
5.059999999999999E-4
5.099999999999999E-4
5.12E-4
5.14E-4
5.16E-4
5.18E-4
5.22E-4
5.26E-4
5.26E-4
5.26E-4
5.279999999999999E-4
5.279999999999999E-4
5.32E-4
5.32E-4
5.34E-4
5.38E-4
5.38E-4
5.42E-4
5.44E-4
5.44E-4
5.44E-4
5.459999999999999E-4
5.48E-4
5.499999999999999E-4
5.54E-4
5.56E-4
5.6E-4
5.66E-4
5.679999999999999E-4
5.679999999999999E-4
5.679999999999999E-4
5.72E-4
5.72E-4
5.74E-4
5.76E-4
5.88E-4
5.899999999999999E-4
5.92E-4
5.94E-4
5.96E-4
5.96E-4
5.98E-4
5.98E-4
6.02E-4
6.06E-4
6.06E-4
6.079999999999999E-4
6.1E-4
6.1E-4
6.12E-4
6.12E-4
6.14E-4
6.16E-4
6.18E-4
6.18E-4
6.18E-4
6.2E-4
6.24E-4
6.24E-4
6.259999999999999E-4
6.259999999999999E-4
6.299999999999999E-4
6.299999999999999E-4
6.299999999999999E-4
6.299999999999999E-4
6.32E-4
6.32E-4
6.34E-4
6.38E-4
6.38E-4
6.42E-4
6.42E-4
6.439999999999999E-4
6.46E-4
6.5E-4
6.52E-4
6.56E-4
6.56E-4
6.619999999999999E-4
6.64E-4
6.659999999999999E-4
6.76E-4
6.76E-4
6.78E-4
6.78E-4
6.799999999999999E-4
6.799999999999999E-4
6.799999999999999E-4
6.82E-4
6.839999999999999E-4
6.94E-4
6.96E-4
6.979999999999999E-4
7.0E-4
7.04E-4
7.08E-4
7.08E-4
7.08E-4
7.1E-4
7.1E-4
7.1E-4
7.1E-4
7.14E-4
7.16E-4
7.16E-4
7.18E-4
7.18E-4
7.26E-4
7.26E-4
7.32E-4
7.36E-4
7.379999999999999E-4
7.379999999999999E-4
7.4E-4
7.419999999999999E-4
7.44E-4
7.44E-4
7.44E-4
7.459999999999999E-4
7.5E-4
7.5E-4
7.54E-4
7.54E-4
7.559999999999999E-4
7.599999999999999E-4
7.66E-4
7.66E-4
7.66E-4
7.68E-4
7.7E-4
7.72E-4
7.74E-4
7.74E-4
7.74E-4
7.779999999999999E-4
7.779999999999999E-4
7.84E-4
7.859999999999999E-4
7.9E-4
7.9E-4
7.92E-4
7.92E-4
7.999999999999999E-4
8.02E-4
8.06E-4
8.08E-4
8.08E-4
8.08E-4
8.08E-4
8.1E-4
8.1E-4
8.1E-4
8.2E-4
8.2E-4
8.219999999999999E-4
8.259999999999999E-4
8.28E-4
8.28E-4
8.3E-4
8.3E-4
8.38E-4
8.38E-4
8.42E-4
8.439999999999999E-4
8.439999999999999E-4
8.439999999999999E-4
8.439999999999999E-4
8.46E-4
8.46E-4
8.48E-4
8.48E-4
8.48E-4
8.48E-4
8.48E-4
8.5E-4
8.5E-4
8.539999999999999E-4
8.539999999999999E-4
8.539999999999999E-4
8.56E-4
8.64E-4
8.719999999999999E-4
8.719999999999999E-4
8.74E-4
8.799999999999999E-4
8.799999999999999E-4
8.839999999999999E-4
8.86E-4
8.86E-4
8.9E-4
8.9E-4
8.92E-4
8.939999999999999E-4
8.96E-4
8.979999999999999E-4
8.979999999999999E-4
9.0E-4
9.04E-4
9.04E-4
9.08E-4
9.1E-4
9.119999999999999E-4
9.14E-4
9.18E-4
9.199999999999999E-4
9.22E-4
9.22E-4
9.239999999999999E-4
9.26E-4
9.32E-4
9.339999999999999E-4
9.36E-4
9.4E-4
9.44E-4
9.46E-4
9.48E-4
9.5E-4
9.519999999999999E-4
9.519999999999999E-4
9.519999999999999E-4
9.639999999999999E-4
9.66E-4
9.66E-4
9.68E-4
9.68E-4
9.699999999999999E-4
9.739999999999999E-4
9.76E-4
9.8E-4
9.8E-4
9.82E-4
9.82E-4
9.82E-4
9.86E-4
9.88E-4
9.88E-4
9.9E-4
9.9E-4
9.92E-4
9.939999999999999E-4
9.98E-4
0.001
0.001006
0.001006
0.001008
0.00101
0.0010119999999999999
0.001014
0.001018
0.001018
0.0010199999999999999
0.0010199999999999999
0.0010379999999999999
0.0010379999999999999
0.00104
0.001044
0.0010479999999999999
0.00106
0.00106
0.001062
0.001062
0.001064
0.001064
0.001068
0.001068
0.00107
0.00107
0.0010739999999999999
0.001076
0.001076
0.00108
0.0010819999999999998
0.001084
0.001086
0.001094
0.001096
0.001096
0.001098
0.0010999999999999998
0.0010999999999999998
0.0010999999999999998
0.0010999999999999998
0.001104
0.001104
0.001104
0.001106
0.001106
0.001108
0.001108
0.001112
0.001116
0.001116
0.00112
0.00112
0.001124
0.0011279999999999999
0.0011279999999999999
0.00113
0.001134
0.001138
0.001142
0.001144
0.0011459999999999999
0.00115
0.00115
0.00115
0.001152
0.001162
0.001166
0.00117
0.001174
0.001176
0.001178
0.001186
0.001188
0.001194
0.001196
0.0012
0.001202
0.001204
0.0012079999999999999
0.0012079999999999999
0.0012079999999999999
0.00121
0.001218
0.001218
0.001218
0.001222
0.0012259999999999999
0.0012259999999999999
0.001228
0.001228
0.001236
0.001242
0.001246
0.001246
0.0012519999999999999
0.0012519999999999999
0.001254
0.001256
0.001258
0.0012599999999999998
0.0012599999999999998
0.0012619999999999999
0.001264
0.001266
0.001266
0.001268
0.0012699999999999999
0.001276
0.001284
0.001286
0.001286
0.00129
0.0012959999999999998
0.001298
0.001302
0.001308
0.00131
0.00131
0.0013139999999999998
0.0013139999999999998
0.0013139999999999998
0.001316
0.001318
0.001318
0.00132
0.001326
0.00133
0.001334
0.00134
0.0013419999999999999
0.001354
0.0013579999999999998
0.0013579999999999998
0.0013579999999999998
0.0013599999999999999
0.001362
0.001362
0.001366
0.00137
0.00137
0.001372
0.001372
0.0013779999999999999
0.00138
0.001384
0.001384
0.0013859999999999999
0.001388
0.001392
0.0013939999999999998
0.0013959999999999999
0.0013959999999999999
0.0013959999999999999
0.0013959999999999999
0.001398
0.001406
0.001408
0.001408
0.00141
0.0014119999999999998
0.0014119999999999998
0.001418
0.001418
0.00142
0.0014219999999999999
0.0014219999999999999
0.001426
0.001428
0.0014299999999999998
0.001432
0.001434
0.001436
0.001438
0.001444
0.001452
0.001452
0.001452
0.0014579999999999999
0.0014579999999999999
0.0014579999999999999
0.0014659999999999999
0.001468
0.001468
0.001472
0.001472
0.001472
0.001478
0.001478
0.00148
0.00148
0.0014839999999999999
0.001486
0.00149
0.00149
0.0014919999999999998
0.0014939999999999999
0.001498
0.001498
0.0015019999999999999
0.001506
0.001506
0.0015099999999999998
0.001516
0.001518
0.001518
0.0015199999999999999
0.0015199999999999999
0.001526
0.0015279999999999998
0.0015279999999999998
0.00153
0.00153
0.00153
0.001532
0.0015379999999999999
0.00154
0.001542
0.001542
0.001544
0.001552
0.001552
0.0015559999999999999
0.0015559999999999999
0.001558
0.001562
0.00157
0.00157
0.001576
0.001576
0.00158
0.00158
0.001584
0.001586
0.001586
0.001586
0.001594
0.001598
0.001598
0.001598
0.0015999999999999999
0.001602
0.001606
0.0016079999999999998
0.0016079999999999998
0.0016099999999999999
0.0016099999999999999
0.001612
0.001616
0.0016179999999999999
0.0016179999999999999
0.0016179999999999999
0.00162
0.001622
0.001624
0.0016279999999999999
0.00163
0.001632
0.0016339999999999998
0.0016339999999999998
0.00164
0.00164
0.0016439999999999998
0.001646
0.001648
0.001648
0.001648
0.0016519999999999998
0.0016519999999999998
0.0016539999999999999
0.001658
0.00166
0.0016619999999999998
0.001664
0.001666
0.001666
0.0016699999999999998
0.001676
0.001678
0.0016799999999999999
0.0016799999999999999
0.001684
0.0016879999999999998
0.001692
0.001694
0.001696
0.001696
0.001696
0.0017
0.001702
0.001704
0.001704
0.001704
0.001704
0.0017079999999999999
0.00171
0.001712
0.001712
0.001714
0.0017159999999999999
0.0017159999999999999
0.0017159999999999999
0.001718
0.001722
0.0017239999999999998
0.0017239999999999998
0.0017259999999999999
0.0017259999999999999
0.0017259999999999999
0.001728
0.00173
0.00173
0.0017319999999999998
0.0017339999999999999
0.0017439999999999999
0.0017439999999999999
0.001748
0.0017499999999999998
0.001754
0.001756
0.0017599999999999998
0.001762
0.001762
0.001766
0.0017779999999999998
0.0017779999999999998
0.00178
0.001784
0.001784
0.001784
0.0017859999999999998
0.0017859999999999998
0.0017879999999999999
0.001792
0.001794
0.001794
0.0017959999999999999
0.001798
0.0018
0.001802
0.0018059999999999999
0.00181
0.00181
0.001812
0.00182
0.00182
0.0018219999999999998
0.0018219999999999998
0.001826
0.001826
0.0018299999999999998
0.0018319999999999999
0.0018319999999999999
0.001834
0.001836
0.001838
0.0018399999999999998
0.0018399999999999998
0.0018419999999999999
0.001846
0.0018479999999999998
0.0018479999999999998
0.0018499999999999999
0.001856
0.0018599999999999999
0.001862
0.001862
0.001862
0.001864
0.001864
0.0018659999999999998
0.00187
0.001874
0.001878
0.00188
0.001882
0.0018839999999999998
0.0018839999999999998
0.0018839999999999998
0.0018859999999999999
0.0018859999999999999
0.0019
0.0019019999999999998
0.0019019999999999998
0.0019019999999999998
0.0019019999999999998
0.001906
0.001906
0.001908
0.0019099999999999998
0.0019119999999999999
0.001914
0.001916
0.0019199999999999998
0.0019219999999999999
0.0019219999999999999
0.001924
0.001924
0.001924
0.001926
0.0019279999999999998
0.0019299999999999999
0.0019299999999999999
0.001934
0.001936
0.001936
0.001936
0.001936
0.001936
0.0019379999999999998
0.0019399999999999999
0.0019399999999999999
0.0019399999999999999
0.0019399999999999999
0.001942
0.001944
0.0019459999999999998
0.0019459999999999998
0.0019459999999999998
0.0019459999999999998
0.00195
0.00195
0.001952
0.001956
0.001956
0.001956
0.001956
0.001956
0.001958
0.001958
0.001964
0.001964
0.001966
0.0019679999999999997
0.0019679999999999997
0.001972
0.001974
0.001974
0.001976
0.001976
0.001976
0.0019779999999999997
0.0019779999999999997
0.00198
0.00198
0.00198
0.001982
0.001982
0.001982
0.001984
0.001986
0.001986
0.001986
0.001986
0.0019879999999999997
0.0019879999999999997
0.0019879999999999997
0.00199
0.00199
0.00199
0.001992
0.001994
0.001994
0.001994
0.001994
0.001994
0.001994
0.001994
0.001994
0.001994
0.001994
0.001994
0.001994
0.001996
0.001996
0.0019979999999999998
0.0019979999999999998
0.0019979999999999998
0.002
0.002
0.002
0.002
0.002
0.002008
0.002008
0.00201
0.00201
0.00201
0.00201
0.002012
0.0020139999999999997
0.002016
0.002018
0.00202
0.002022
0.0020239999999999998
0.0020239999999999998
0.0020239999999999998
0.0020239999999999998
0.002026
0.002026
0.002028
0.002028
0.00203
0.002034
0.002034
0.002038
0.002038
0.0020399999999999997
0.002042
0.002044
0.002044
0.002046
0.0020499999999999997
0.0020499999999999997
0.002056
0.0020599999999999998
0.0020599999999999998
0.002062
0.0020659999999999997
0.002068
0.0020759999999999997
0.002078
0.002082
0.002084
0.0020859999999999997
0.0020859999999999997
0.002088
0.002092
0.002092
0.0020959999999999998
0.00211
0.00211
0.0021119999999999997
0.002118
0.002118
0.0021219999999999998
0.0021219999999999998
0.0021219999999999998
0.002124
0.002126
0.002126
0.002128
0.002128
0.00213
0.002134
0.002136
0.002136
0.002136
0.0021379999999999997
0.002142
0.002142
0.0021479999999999997
0.0021479999999999997
0.0021479999999999997
0.0021479999999999997
0.00215
0.00215
0.002154
0.002156
0.00216
0.002162
0.0021639999999999997
0.0021639999999999997
0.0021639999999999997
0.002166
0.002168
0.00217
0.0021739999999999997
0.0021839999999999997
0.002186
0.002188
0.00219
0.002192
0.0021939999999999998
0.002196
0.002196
0.0021999999999999997
0.002204
0.002204
0.002204
0.002206
0.002206
0.002208
0.002208
0.0022099999999999997
0.0022099999999999997
0.002214
0.002214
0.002216
0.002216
0.002218
0.002222
0.002226
0.002226
0.002228
0.002228
0.002232
0.0022359999999999997
0.002238
0.00224
0.002248
0.0022559999999999998
0.002258
0.00226
0.0022619999999999997
0.0022619999999999997
0.002268
0.0022719999999999997
0.0022719999999999997
0.002274
0.002276
0.002276
0.0022819999999999997
0.002284
0.002288
0.0022919999999999998
0.002304
0.002312
0.00232
0.002322
0.002324
0.002324
0.00233
0.00233
0.0023339999999999997
0.0023339999999999997
0.002336
0.002338
0.00234
0.0023439999999999997
0.002346
0.002356
0.002358
0.002366
0.002366
0.0023699999999999997
0.002374
0.002378
0.0023799999999999997
0.002382
0.002382
0.0023899999999999998
0.0023899999999999998
0.0023959999999999997
0.0023959999999999997
0.002398
0.002402
0.0024059999999999997
0.002408
0.00241
0.002414
0.002418
0.0024219999999999997
0.002424
0.0024319999999999997
0.0024319999999999997
0.002434
0.002444
0.002444
0.002444
0.00245
0.002456
0.002456
0.002464
0.0024679999999999997
0.002472
0.002472
0.002482
0.002482
0.002486
0.0024879999999999998
0.00249
0.002498
0.002508
0.002508
0.00251
0.002516
0.002516
0.002522
0.002534
0.002538
0.002546
0.002548
0.002548
0.0025499999999999997
0.002554
0.0025559999999999997
0.0025599999999999998
0.0025759999999999997
0.002582
0.002584
0.002584
0.00259
0.0025919999999999997
0.0025919999999999997
0.0025919999999999997
0.0025919999999999997
0.0026019999999999997
0.00262
0.002626
0.00263
0.00263
0.002632
0.002636
0.0026379999999999997
0.00266
0.0026639999999999997
0.002666
0.00268
0.00268
0.00268
0.002692
0.0026999999999999997
0.002702
0.002702
0.002708
0.002714
0.0027199999999999998
0.0027199999999999998
0.002724
0.00273
0.002732
0.002734
0.002734
0.002738
0.00274
0.00274
0.002744
0.00275
0.0027519999999999997
0.0027559999999999998
0.0027559999999999998
0.0027559999999999998
0.0027619999999999997
0.002774
0.002784
0.002786
0.0027879999999999997
0.0027919999999999998
0.002794
0.002802
0.002802
0.0028079999999999997
0.00282
0.002822
0.002822
0.002836
0.0028439999999999997
0.0028499999999999997
0.0028539999999999998
0.002864
0.002866
0.002866
0.002868
0.0028699999999999997
0.002874
0.002876
0.002878
0.002882
0.002882
0.002884
0.002884
0.002892
0.002894
0.002894
0.0028959999999999997
0.0029059999999999997
0.002908
0.002914
0.002928
0.00295
0.00296
0.002962
0.002964
0.002972
0.0029779999999999997
0.002982
0.002986
0.0029879999999999998
0.002996
0.002998
0.0030039999999999997
0.0030239999999999998
0.0030239999999999998
0.0030499999999999998
0.003052
0.0030659999999999997
0.003068
0.00307
0.00307
0.003074
0.0030759999999999997
0.00308
0.003094
0.003096
0.0031019999999999997
0.003116
0.0031179999999999997
0.003134
0.003136
0.003146
0.0031539999999999997
0.0031639999999999997
0.003166
0.0031699999999999996
0.003178
0.003182
0.003182
0.003186
0.0031999999999999997
0.0032199999999999998
0.003222
0.003228
0.003232
0.003234
0.003238
0.00324
0.003244
0.0032519999999999997
0.0032559999999999998
0.003258
0.0032679999999999996
0.0032719999999999997
0.003274
0.003274
0.0032779999999999997
0.0032819999999999998
0.0032879999999999997
0.003296
0.0032979999999999997
0.003332
0.003338
0.0033399999999999997
0.0033439999999999998
0.003346
0.003364
0.003368
0.0033699999999999997
0.003378
0.003378
0.0033859999999999997
0.003408
0.00341
0.0034119999999999997
0.003418
0.00342
0.00342
0.003436
0.003436
0.003446
0.0034519999999999998
0.0034519999999999998
0.003466
0.0034779999999999998
0.003486
0.00349
0.0034939999999999997
0.0035139999999999998
0.0035359999999999996
0.003544
0.003544
0.0035459999999999997
0.00357
0.0035719999999999997
0.00358
0.003584
0.0035859999999999998
0.003596
0.0036019999999999997
0.003606
0.0036179999999999997
0.0036179999999999997
0.003624
0.003632
0.00364
0.0036439999999999997
0.0036479999999999998
0.00365
0.003672
0.0036739999999999997
0.003678
0.003678
0.0036799999999999997
0.003682
0.0036839999999999998
0.003688
0.0036899999999999997
0.003692
0.003692
0.0036999999999999997
0.003714
0.0037159999999999997
0.003738
0.003748
0.00376
0.003764
0.003784
0.00379
0.0037939999999999996
0.0038039999999999997
0.003806
0.003806
0.003828
0.003832
0.0038339999999999997
0.003836
0.003838
0.003846
0.003854
0.003858
0.003862
0.003864
0.0038659999999999996
0.003872
0.003872
0.0038759999999999997
0.00389
0.003898
0.0039019999999999997
0.0039019999999999997
0.003914
0.003916
0.003918
0.00392
0.003926
0.003928
0.003928
0.0039299999999999995
0.003935999999999999
0.003935999999999999
0.003948
0.0039499999999999995
0.0039559999999999994
0.00396
0.003964
0.003966
0.003974
0.0039759999999999995
0.0039759999999999995
0.0039759999999999995
0.003981999999999999
0.003984
0.0040019999999999995
0.004006
0.00401
0.004024
0.004033999999999999
0.00404
0.004042
0.00406
0.004068
0.004068
0.004079999999999999
0.0040939999999999995
0.004096
0.004108
0.0041259999999999995
0.004136
0.004154
0.00416
0.0041659999999999996
0.004177999999999999
0.004177999999999999
0.004203999999999999
0.004212
0.004246
0.004252
0.004278
0.004282
0.0042899999999999995
0.004292
0.004304
0.004312
0.004327999999999999
0.004332
0.004332
0.00435
0.004356
0.00436
0.004366
0.0043679999999999995
0.004396
0.004408
0.00443
0.004442
0.004454
0.004478
0.00448
0.00448
0.004506
0.004572
0.004582
0.004588
0.004624
0.0047139999999999994
0.00475
0.004752
0.0047539999999999995
0.004758
0.00477
0.004774
0.004798
0.00481
0.004814
0.004843999999999999
0.00486
0.004866
0.004876
0.0048779999999999995
0.0049
0.0049039999999999995
0.004918
0.0049559999999999995
0.00498
0.005004
0.0050539999999999995
0.005084
0.005085999999999999
0.005116
0.00513
0.00516
0.005196
0.005202
0.00522
0.00522
0.0052239999999999995
0.005226
0.005226
0.005258
0.00526
0.00528
0.005318
0.00532
0.0053219999999999995
0.005324
0.005326
0.005332
0.005358
0.005362
0.005376
0.00541
0.005422
0.005436
0.005444
0.0054719999999999994
0.0055119999999999995
0.005534
0.005556
0.00556
0.005604
0.0056159999999999995
0.005624
0.005646
0.005667999999999999
0.0057339999999999995
0.005758
0.005771999999999999
0.005776
0.005796
0.005826
0.005863999999999999
0.005894
0.005895999999999999
0.005918
0.005928
0.005934
0.0059499999999999996
0.00596
0.005966
0.005993999999999999
0.006004
0.0060279999999999995
0.006033999999999999
0.006082
0.006082
0.006084
0.006122
0.006134
0.0061459999999999996
0.006157999999999999
0.006163999999999999
0.006168
0.00617
0.00617
0.0061779999999999995
0.006188
0.006284
0.0063019999999999994
0.006307999999999999
0.0063679999999999995
0.006372
0.006385999999999999
0.006396
0.006496
0.006523999999999999
0.006526
0.006548
0.0065639999999999995
0.0065899999999999995
0.006612
0.006626
0.00663
0.006646
0.006653999999999999
0.006682
0.006719999999999999
0.0068319999999999995
0.006901999999999999
0.006927999999999999
0.006941999999999999
0.006964
0.006986
0.0070539999999999995
0.00711
0.007195999999999999
0.007202
0.007202
0.007218
0.00722
0.0072699999999999996
0.00728
0.007339999999999999
0.007344
0.00735
0.00735
0.007352
0.007434
0.0074459999999999995
0.007462
0.007482
0.007506
0.007566
0.007586
0.0076
0.00765
0.007652
0.007698
0.0077399999999999995
0.007788
0.00783
0.007873999999999999
0.007954
0.00801
0.008028
0.008046
0.008172
0.008225999999999999
0.008294
0.008548
0.008553999999999999
0.00857
0.008584
0.008612
0.008669999999999999
0.008723999999999999
0.008825999999999999
0.008888
0.008952
0.008992
0.009006
0.009046
0.009056
0.009066
0.009118
0.00915
0.009231999999999999
0.009332
0.009441999999999999
0.00949
0.009514
0.009687999999999999
0.009734
0.009897999999999999
0.009928
0.009958
0.010046
0.01006
0.010213999999999999
0.01048
0.010496
0.01057
0.010782
0.010799999999999999
0.010813999999999999
0.010816
0.010834
0.010844
0.010862
0.010917999999999999
0.01103
0.011049999999999999
0.011184
0.01125
0.011283999999999999
0.011328
0.011817999999999999
0.011902
0.01193
0.012015999999999999
0.012126
0.01228
0.012303999999999999
0.012537999999999999
0.012539999999999999
0.012565999999999999
0.01269
0.012957999999999999
0.01299
0.013023999999999999
0.013028
0.013068
0.013217999999999999
0.0133
0.013514
0.01359
0.013713999999999999
0.0138
0.01407
0.014438
0.015861999999999998
0.01599
0.01607
0.016394
0.016423999999999998
0.016919999999999998
0.016928
0.017092
0.017155999999999998
0.017202
0.017277999999999998
0.017306
0.018678
0.019642
0.019674
0.020513999999999998
0.020588
0.020828
0.02154
0.02281
0.023034
0.02371
0.024058
0.024145999999999997
0.026293999999999998
0.027743999999999998
0.028054
0.030348
0.034353999999999996
0.034864
0.035114
0.044494
