0.0
0.0
0.0
0.0
0.0
0.0
0.0
0.0
0.0
0.0
0.0
0.0
0.0
0.0
0.0
0.0
0.0
0.0
0.0
0.0
0.0
0.0
0.0
0.0
0.0
0.0
0.0
0.0
0.0
0.0
0.0
0.0
0.0
0.0
0.0
0.0
0.0
0.0
0.0
0.0
0.0
0.0
0.0
0.0
0.0
0.0
0.0
0.0
0.0
0.0
0.0
0.0
0.0
0.0
0.0
0.0
0.0
0.0
0.0
0.0
0.0
0.0
0.0
0.0
0.0
0.0
0.0
0.0
0.0
0.0
0.0
0.0
0.0
0.0
0.0
0.0
0.0
0.0
0.0
0.0
0.0
0.0
0.0
0.0
0.0
0.0
0.0
0.0
0.0
0.0
0.0
0.0
0.0
0.0
0.0
0.0
0.0
0.0
0.0
0.0
0.0
0.0
0.0
0.0
0.0
0.0
0.0
0.0
0.0
0.0
0.0
0.0
0.0
0.0
0.0
0.0
0.0
0.0
0.0
0.0
0.0
0.0
0.0
0.0
0.0
0.0
0.0
0.0
0.0
0.0
0.0
0.0
0.0
0.0
0.0
0.0
0.0
0.0
0.0
0.0
0.0
0.0
0.0
0.0
0.0
0.0
0.0
0.0
0.0
0.0
0.0
0.0
0.0
0.0
0.0
0.0
0.0
0.0
0.0
0.0
0.0
0.0
0.0
0.0
0.0
0.0
0.0
0.0
0.0
0.0
0.0
0.0
0.0
0.0
0.0
0.0
0.0
0.0
0.0
0.0
0.0
0.0
0.0
0.0
0.0
0.0
0.0
0.0
0.0
0.0
0.0
0.0
0.0
0.0
0.0
0.0
0.0
0.0
0.0
0.0
0.0
0.0
0.0
0.0
0.0
0.0
0.0
0.0
0.0
0.0
0.0
0.0
0.0
0.0
0.0
0.0
0.0
0.0
0.0
0.0
0.0
0.0
0.0
0.0
0.0
0.0
0.0
0.0
0.0
0.0
0.0
0.0
0.0
0.0
0.0
0.0
0.0
0.0
0.0
0.0
0.0
0.0
0.0
0.0
0.0
0.0
0.0
0.0
0.0
0.0
0.0
0.0
0.0
0.0
0.0
0.0
0.0
0.0
0.0
0.0
0.0
0.0
0.0
0.0
0.0
0.0
0.0
0.0
0.0
0.0
0.0
0.0
0.0
0.0
0.0
0.0
0.0
0.0
0.0
0.0
0.0
0.0
0.0
0.0
0.0
0.0
0.0
0.0
0.0
0.0
0.0
0.0
0.0
0.0
0.0
0.0
0.0
0.0
0.0
0.0
0.0
0.0
0.0
0.0
0.0
0.0
0.0
0.0
0.0
0.0
0.0
0.0
0.0
0.0
0.0
0.0
0.0
0.0
0.0
0.0
0.0
0.0
0.0
0.0
0.0
0.0
0.0
0.0
0.0
0.0
0.0
0.0
0.0
0.0
0.0
0.0
0.0
0.0
0.0
0.0
0.0
0.0
0.0
0.0
0.0
0.0
0.0
0.0
0.0
0.0
0.0
0.0
0.0
0.0
2.0E-6
2.0E-6
2.0E-6
2.0E-6
2.0E-6
2.0E-6
2.0E-6
2.0E-6
2.0E-6
2.0E-6
2.0E-6
2.0E-6
2.0E-6
2.0E-6
2.0E-6
2.0E-6
2.0E-6
2.0E-6
2.0E-6
2.0E-6
2.0E-6
2.0E-6
2.0E-6
2.0E-6
2.0E-6
2.0E-6
2.0E-6
2.0E-6
2.0E-6
2.0E-6
2.0E-6
2.0E-6
2.0E-6
2.0E-6
2.0E-6
2.0E-6
2.0E-6
2.0E-6
2.0E-6
2.0E-6
2.0E-6
2.0E-6
2.0E-6
2.0E-6
2.0E-6
2.0E-6
2.0E-6
2.0E-6
2.0E-6
2.0E-6
2.0E-6
2.0E-6
2.0E-6
2.0E-6
2.0E-6
2.0E-6
2.0E-6
2.0E-6
2.0E-6
2.0E-6
2.0E-6
2.0E-6
2.0E-6
2.0E-6
2.0E-6
2.0E-6
2.0E-6
2.0E-6
2.0E-6
2.0E-6
2.0E-6
2.0E-6
2.0E-6
2.0E-6
2.0E-6
2.0E-6
2.0E-6
2.0E-6
2.0E-6
2.0E-6
2.0E-6
2.0E-6
2.0E-6
2.0E-6
2.0E-6
2.0E-6
2.0E-6
2.0E-6
2.0E-6
2.0E-6
2.0E-6
2.0E-6
2.0E-6
2.0E-6
2.0E-6
2.0E-6
4.0E-6
4.0E-6
4.0E-6
4.0E-6
4.0E-6
4.0E-6
4.0E-6
4.0E-6
4.0E-6
4.0E-6
4.0E-6
4.0E-6
4.0E-6
4.0E-6
4.0E-6
4.0E-6
4.0E-6
4.0E-6
4.0E-6
4.0E-6
4.0E-6
4.0E-6
4.0E-6
4.0E-6
4.0E-6
4.0E-6
4.0E-6
4.0E-6
4.0E-6
4.0E-6
4.0E-6
4.0E-6
4.0E-6
4.0E-6
4.0E-6
4.0E-6
4.0E-6
4.0E-6
4.0E-6
4.0E-6
4.0E-6
4.0E-6
4.0E-6
4.0E-6
4.0E-6
4.0E-6
4.0E-6
4.0E-6
4.0E-6
4.0E-6
4.0E-6
4.0E-6
6.0E-6
6.0E-6
6.0E-6
6.0E-6
6.0E-6
6.0E-6
6.0E-6
6.0E-6
6.0E-6
6.0E-6
6.0E-6
6.0E-6
6.0E-6
6.0E-6
6.0E-6
6.0E-6
6.0E-6
6.0E-6
6.0E-6
6.0E-6
6.0E-6
6.0E-6
6.0E-6
6.0E-6
6.0E-6
6.0E-6
6.0E-6
6.0E-6
6.0E-6
6.0E-6
6.0E-6
6.0E-6
6.0E-6
6.0E-6
6.0E-6
6.0E-6
6.0E-6
6.0E-6
6.0E-6
6.0E-6
8.0E-6
8.0E-6
8.0E-6
8.0E-6
8.0E-6
8.0E-6
8.0E-6
8.0E-6
8.0E-6
8.0E-6
8.0E-6
8.0E-6
8.0E-6
8.0E-6
8.0E-6
8.0E-6
8.0E-6
8.0E-6
8.0E-6
8.0E-6
8.0E-6
8.0E-6
8.0E-6
8.0E-6
9.999999999999999E-6
9.999999999999999E-6
9.999999999999999E-6
9.999999999999999E-6
9.999999999999999E-6
9.999999999999999E-6
9.999999999999999E-6
9.999999999999999E-6
9.999999999999999E-6
9.999999999999999E-6
9.999999999999999E-6
9.999999999999999E-6
9.999999999999999E-6
9.999999999999999E-6
9.999999999999999E-6
9.999999999999999E-6
9.999999999999999E-6
9.999999999999999E-6
9.999999999999999E-6
9.999999999999999E-6
9.999999999999999E-6
9.999999999999999E-6
9.999999999999999E-6
9.999999999999999E-6
9.999999999999999E-6
1.2E-5
1.2E-5
1.2E-5
1.2E-5
1.2E-5
1.2E-5
1.2E-5
1.2E-5
1.2E-5
1.2E-5
1.2E-5
1.2E-5
1.2E-5
1.2E-5
1.2E-5
1.2E-5
1.2E-5
1.2E-5
1.4E-5
1.4E-5
1.4E-5
1.4E-5
1.4E-5
1.4E-5
1.4E-5
1.4E-5
1.4E-5
1.4E-5
1.4E-5
1.4E-5
1.4E-5
1.6E-5
1.6E-5
1.6E-5
1.6E-5
1.6E-5
1.6E-5
1.6E-5
1.6E-5
1.6E-5
1.6E-5
1.6E-5
1.6E-5
1.6E-5
1.6E-5
1.6E-5
1.8E-5
1.8E-5
1.8E-5
1.8E-5
1.8E-5
1.8E-5
1.8E-5
1.8E-5
1.9999999999999998E-5
1.9999999999999998E-5
1.9999999999999998E-5
1.9999999999999998E-5
1.9999999999999998E-5
1.9999999999999998E-5
1.9999999999999998E-5
2.2E-5
2.2E-5
2.2E-5
2.2E-5
2.2E-5
2.2E-5
2.4E-5
2.4E-5
2.4E-5
2.4E-5
2.4E-5
2.6E-5
2.6E-5
2.8E-5
2.8E-5
2.8E-5
2.8E-5
2.9999999999999997E-5
2.9999999999999997E-5
3.2E-5
3.2E-5
3.2E-5
3.2E-5
3.4E-5
3.4E-5
3.4E-5
3.6E-5
3.6E-5
3.9999999999999996E-5
3.9999999999999996E-5
4.4E-5
4.4E-5
4.6E-5
4.6E-5
4.8E-5
4.8E-5
4.8E-5
4.8E-5
4.8E-5
4.8E-5
4.8E-5
5.2E-5
5.2E-5
5.2E-5
5.2E-5
5.4E-5
5.4E-5
5.6E-5
5.6E-5
5.8E-5
5.8E-5
5.9999999999999995E-5
5.9999999999999995E-5
5.9999999999999995E-5
6.2E-5
6.2E-5
6.4E-5
6.4E-5
6.4E-5
6.4E-5
6.599999999999999E-5
6.8E-5
6.8E-5
7.0E-5
7.2E-5
7.2E-5
7.599999999999999E-5
7.599999999999999E-5
7.8E-5
7.8E-5
7.999999999999999E-5
8.2E-5
8.4E-5
8.4E-5
8.4E-5
8.599999999999999E-5
8.999999999999999E-5
9.6E-5
9.6E-5
9.8E-5
9.999999999999999E-5
1.04E-4
1.04E-4
1.06E-4
1.08E-4
1.08E-4
1.12E-4
1.12E-4
1.12E-4
1.1399999999999999E-4
1.1999999999999999E-4
1.24E-4
1.24E-4
1.26E-4
1.36E-4
1.4E-4
1.46E-4
1.48E-4
1.56E-4
1.6199999999999998E-4
1.66E-4
1.74E-4
1.74E-4
1.8199999999999998E-4
1.96E-4
1.98E-4
1.9999999999999998E-4
2.0999999999999998E-4
2.16E-4
2.16E-4
2.2799999999999999E-4
2.3799999999999998E-4
2.3799999999999998E-4
2.3799999999999998E-4
2.54E-4
2.72E-4
2.8E-4
2.8199999999999997E-4
2.88E-4
2.88E-4
2.9E-4
3.12E-4
3.1999999999999997E-4
3.28E-4
3.46E-4
3.5E-4
3.52E-4
3.5999999999999997E-4
3.66E-4
4.06E-4
4.06E-4
4.28E-4
4.3E-4
4.3999999999999996E-4
4.46E-4
4.5E-4
4.74E-4
4.9E-4
4.9E-4
4.98E-4
5.08E-4
5.22E-4
5.499999999999999E-4
5.52E-4
5.6E-4
6.0E-4
6.0E-4
6.079999999999999E-4
6.72E-4
6.86E-4
7.379999999999999E-4
7.76E-4
8.16E-4
8.56E-4
8.939999999999999E-4
9.04E-4
9.22E-4
0.001024
0.001062
0.0010919999999999999
0.001104
0.001122
0.001148
0.001388
0.001398
0.001424
0.001438
0.001464
0.001506
0.001508
0.001532
0.001562
0.00157
0.001598
0.0016519999999999998
0.001676
0.00172
0.0017599999999999998
0.0017679999999999998
0.001802
0.0018059999999999999
0.0018219999999999998
0.0018239999999999999
0.0018319999999999999
0.001836
0.0018419999999999999
0.0018499999999999999
0.001852
0.0018579999999999998
0.00189
0.001892
0.0018939999999999999
0.0019019999999999998
0.0019119999999999999
0.001916
0.0019199999999999998
0.0019219999999999999
0.0019219999999999999
0.0019219999999999999
0.0019219999999999999
0.001926
0.001926
0.0019299999999999999
0.001934
0.001934
0.0019379999999999998
0.0019379999999999998
0.0019399999999999999
0.001944
0.0019459999999999998
0.0019459999999999998
0.00195
0.001952
0.001952
0.001954
0.00196
0.0019619999999999998
0.0019619999999999998
0.001964
0.001964
0.001964
0.001966
0.001966
0.00197
0.00197
0.00197
0.00197
0.001972
0.001972
0.001972
0.001974
0.001974
0.001976
0.001976
0.001976
0.001976
0.001976
0.001976
0.0019779999999999997
0.0019779999999999997
0.0019779999999999997
0.0019779999999999997
0.00198
0.00198
0.00198
0.00198
0.00198
0.001982
0.001982
0.001982
0.001982
0.001982
0.001982
0.001982
0.001982
0.001984
0.001984
0.001984
0.001984
0.001984
0.001984
0.001984
0.001984
0.001984
0.001984
0.001986
0.001986
0.001986
0.001986
0.001986
0.001986
0.001986
0.001986
0.001986
0.001986
0.0019879999999999997
0.0019879999999999997
0.0019879999999999997
0.0019879999999999997
0.0019879999999999997
0.0019879999999999997
0.0019879999999999997
0.0019879999999999997
0.0019879999999999997
0.0019879999999999997
0.0019879999999999997
0.0019879999999999997
0.0019879999999999997
0.0019879999999999997
0.0019879999999999997
0.00199
0.00199
0.00199
0.00199
0.00199
0.00199
0.00199
0.00199
0.00199
0.00199
0.00199
0.00199
0.00199
0.00199
0.00199
0.00199
0.00199
0.00199
0.00199
0.00199
0.00199
0.00199
0.00199
0.00199
0.00199
0.00199
0.00199
0.00199
0.001992
0.001992
0.001992
0.001992
0.001992
0.001992
0.001992
0.001992
0.001992
0.001992
0.001992
0.001992
0.001992
0.001992
0.001992
0.001992
0.001992
0.001992
0.001992
0.001992
0.001992
0.001992
0.001992
0.001992
0.001992
0.001992
0.001992
0.001992
0.001992
0.001992
0.001992
0.001992
0.001992
0.001992
0.001992
0.001994
0.001994
0.001994
0.001994
0.001994
0.001994
0.001994
0.001994
0.001994
0.001994
0.001994
0.001994
0.001994
0.001994
0.001994
0.001994
0.001994
0.001994
0.001994
0.001994
0.001994
0.001994
0.001994
0.001994
0.001994
0.001994
0.001994
0.001994
0.001994
0.001994
0.001994
0.001994
0.001994
0.001994
0.001994
0.001994
0.001994
0.001994
0.001994
0.001994
0.001994
0.001994
0.001994
0.001994
0.001994
0.001994
0.001994
0.001994
0.001994
0.001994
0.001994
0.001994
0.001994
0.001994
0.001994
0.001996
0.001996
0.001996
0.001996
0.001996
0.001996
0.001996
0.001996
0.001996
0.001996
0.001996
0.001996
0.001996
0.001996
0.001996
0.001996
0.001996
0.001996
0.001996
0.001996
0.001996
0.001996
0.001996
0.001996
0.001996
0.001996
0.001996
0.001996
0.001996
0.001996
0.001996
0.001996
0.001996
0.001996
0.001996
0.001996
0.001996
0.001996
0.001996
0.001996
0.001996
0.001996
0.001996
0.001996
0.001996
0.001996
0.001996
0.001996
0.001996
0.001996
0.001996
0.001996
0.001996
0.001996
0.001996
0.001996
0.001996
0.001996
0.001996
0.001996
0.001996
0.001996
0.001996
0.001996
0.001996
0.001996
0.001996
0.001996
0.001996
0.001996
0.001996
0.001996
0.001996
0.001996
0.001996
0.001996
0.001996
0.001996
0.001996
0.001996
0.001996
0.001996
0.001996
0.001996
0.001996
0.001996
0.001996
0.001996
0.001996
0.001996
0.001996
0.001996
0.001996
0.001996
0.001996
0.001996
0.001996
0.001996
0.001996
0.001996
0.001996
0.001996
0.001996
0.001996
0.001996
0.001996
0.001996
0.001996
0.001996
0.001996
0.001996
0.001996
0.001996
0.001996
0.001996
0.001996
0.001996
0.001996
0.001996
0.001996
0.001996
0.001996
0.001996
0.001996
0.001996
0.001996
0.001996
0.001996
0.001996
0.001996
0.001996
0.001996
0.001996
0.001996
0.001996
0.001996
0.001996
0.001996
0.0019979999999999998
0.0019979999999999998
0.0019979999999999998
0.0019979999999999998
0.0019979999999999998
0.0019979999999999998
0.0019979999999999998
0.0019979999999999998
0.0019979999999999998
0.0019979999999999998
0.0019979999999999998
0.0019979999999999998
0.0019979999999999998
0.0019979999999999998
0.0019979999999999998
0.0019979999999999998
0.0019979999999999998
0.0019979999999999998
0.0019979999999999998
0.0019979999999999998
0.0019979999999999998
0.0019979999999999998
0.0019979999999999998
0.0019979999999999998
0.0019979999999999998
0.0019979999999999998
0.0019979999999999998
0.0019979999999999998
0.0019979999999999998
0.0019979999999999998
0.0019979999999999998
0.0019979999999999998
0.0019979999999999998
0.0019979999999999998
0.0019979999999999998
0.0019979999999999998
0.0019979999999999998
0.0019979999999999998
0.0019979999999999998
0.0019979999999999998
0.0019979999999999998
0.0019979999999999998
0.0019979999999999998
0.0019979999999999998
0.0019979999999999998
0.0019979999999999998
0.0019979999999999998
0.0019979999999999998
0.0019979999999999998
0.0019979999999999998
0.0019979999999999998
0.0019979999999999998
0.0019979999999999998
0.0019979999999999998
0.0019979999999999998
0.0019979999999999998
0.0019979999999999998
0.0019979999999999998
0.0019979999999999998
0.0019979999999999998
0.0019979999999999998
0.0019979999999999998
0.0019979999999999998
0.0019979999999999998
0.0019979999999999998
0.0019979999999999998
0.0019979999999999998
0.0019979999999999998
0.0019979999999999998
0.0019979999999999998
0.0019979999999999998
0.0019979999999999998
0.0019979999999999998
0.0019979999999999998
0.0019979999999999998
0.0019979999999999998
0.0019979999999999998
0.0019979999999999998
0.0019979999999999998
0.0019979999999999998
0.0019979999999999998
0.0019979999999999998
0.0019979999999999998
0.0019979999999999998
0.0019979999999999998
0.0019979999999999998
0.0019979999999999998
0.0019979999999999998
0.0019979999999999998
0.0019979999999999998
0.0019979999999999998
0.0019979999999999998
0.0019979999999999998
0.0019979999999999998
0.0019979999999999998
0.0019979999999999998
0.0019979999999999998
0.0019979999999999998
0.0019979999999999998
0.0019979999999999998
0.0019979999999999998
0.0019979999999999998
0.0019979999999999998
0.0019979999999999998
0.0019979999999999998
0.0019979999999999998
0.0019979999999999998
0.0019979999999999998
0.0019979999999999998
0.0019979999999999998
0.0019979999999999998
0.0019979999999999998
0.0019979999999999998
0.0019979999999999998
0.0019979999999999998
0.0019979999999999998
0.0019979999999999998
0.0019979999999999998
0.0019979999999999998
0.0019979999999999998
0.0019979999999999998
0.0019979999999999998
0.0019979999999999998
0.0019979999999999998
0.0019979999999999998
0.0019979999999999998
0.0019979999999999998
0.0019979999999999998
0.0019979999999999998
0.0019979999999999998
0.0019979999999999998
0.0019979999999999998
0.0019979999999999998
0.0019979999999999998
0.0019979999999999998
0.0019979999999999998
0.0019979999999999998
0.0019979999999999998
0.0019979999999999998
0.0019979999999999998
0.0019979999999999998
0.0019979999999999998
0.0019979999999999998
0.0019979999999999998
0.0019979999999999998
0.0019979999999999998
0.0019979999999999998
0.0019979999999999998
0.0019979999999999998
0.0019979999999999998
0.0019979999999999998
0.0019979999999999998
0.0019979999999999998
0.0019979999999999998
0.0019979999999999998
0.0019979999999999998
0.0019979999999999998
0.0019979999999999998
0.0019979999999999998
0.0019979999999999998
0.0019979999999999998
0.0019979999999999998
0.0019979999999999998
0.0019979999999999998
0.0019979999999999998
0.0019979999999999998
0.0019979999999999998
0.0019979999999999998
0.0019979999999999998
0.0019979999999999998
0.0019979999999999998
0.0019979999999999998
0.0019979999999999998
0.0019979999999999998
0.0019979999999999998
0.0019979999999999998
0.0019979999999999998
0.0019979999999999998
0.0019979999999999998
0.0019979999999999998
0.0019979999999999998
0.0019979999999999998
0.0019979999999999998
0.0019979999999999998
0.0019979999999999998
0.0019979999999999998
0.0019979999999999998
0.0019979999999999998
0.0019979999999999998
0.0019979999999999998
0.0019979999999999998
0.0019979999999999998
0.0019979999999999998
0.0019979999999999998
0.0019979999999999998
0.0019979999999999998
0.0019979999999999998
0.0019979999999999998
0.0019979999999999998
0.0019979999999999998
0.0019979999999999998
0.0019979999999999998
0.0019979999999999998
0.0019979999999999998
0.0019979999999999998
0.0019979999999999998
0.0019979999999999998
0.0019979999999999998
0.0019979999999999998
0.0019979999999999998
0.0019979999999999998
0.0019979999999999998
0.0019979999999999998
0.0019979999999999998
0.0019979999999999998
0.0019979999999999998
0.0019979999999999998
0.0019979999999999998
0.0019979999999999998
0.0019979999999999998
0.0019979999999999998
0.0019979999999999998
0.0019979999999999998
0.0019979999999999998
0.0019979999999999998
0.0019979999999999998
0.0019979999999999998
0.0019979999999999998
0.0019979999999999998
0.0019979999999999998
0.0019979999999999998
0.0019979999999999998
0.0019979999999999998
0.0019979999999999998
0.0019979999999999998
0.0019979999999999998
0.0019979999999999998
0.0019979999999999998
0.0019979999999999998
0.002
0.002
0.002
0.002
0.002
0.002
0.002
0.002
0.002
0.002
0.002
0.002002
0.002002
0.002002
0.002002
0.002002
0.0020039999999999997
0.0020039999999999997
0.0020039999999999997
0.0020039999999999997
0.002006
0.002006
0.002008
0.002012
0.002012
0.002012
0.0020139999999999997
0.00202
0.002026
0.0020399999999999997
0.002042
0.002048
0.002054
0.0020659999999999997
0.002072
0.0020759999999999997
0.0020759999999999997
0.002094
0.0021379999999999997
0.0022199999999999998
0.002326
0.002386
0.002408
0.002436
0.0024519999999999998
0.002594
0.002624
0.002704
0.002888
0.002894
0.002934
0.003016
0.0030859999999999998
0.003214
0.003302
0.0033439999999999998
0.00339
0.003392
0.0034419999999999997
0.003528
0.0035499999999999998
0.003584
0.003624
0.003662
0.003776
0.003786
0.003802
0.003802
0.003842
0.003868
0.003874
0.0038759999999999997
0.0038799999999999998
0.0039059999999999997
0.0039059999999999997
0.003909999999999999
0.003914
0.003916
0.003916
0.00392
0.003932
0.003932
0.003934
0.003935999999999999
0.003938
0.00394
0.003944
0.003948
0.003948
0.003948
0.0039499999999999995
0.003954
0.003958
0.003958
0.003958
0.003962
0.003962
0.003962
0.003964
0.003966
0.003966
0.003966
0.003968
0.00397
0.00397
0.003972
0.003972
0.003974
0.003974
0.003974
0.003974
0.0039759999999999995
0.0039759999999999995
0.003978
0.003978
0.003978
0.003978
0.003978
0.003978
0.003978
0.003978
0.00398
0.00398
0.00398
0.00398
0.003981999999999999
0.003981999999999999
0.003981999999999999
0.003981999999999999
0.003981999999999999
0.003981999999999999
0.003981999999999999
0.003981999999999999
0.003981999999999999
0.003981999999999999
0.003984
0.003984
0.003984
0.003984
0.003984
0.003984
0.003984
0.003984
0.003986
0.003986
0.003986
0.003986
0.003986
0.003986
0.003986
0.003986
0.003986
0.003986
0.003986
0.003986
0.003986
0.003988
0.003988
0.003988
0.003988
0.003988
0.003988
0.003988
0.003988
0.003988
0.003988
0.003988
0.003988
0.003988
0.003988
0.003988
0.003988
0.003988
0.003988
0.003988
0.003988
0.003988
0.003988
0.003988
0.003988
0.003988
0.00399
0.00399
0.00399
0.00399
0.00399
0.00399
0.00399
0.00399
0.00399
0.00399
0.00399
0.00399
0.00399
0.00399
0.00399
0.00399
0.00399
0.00399
0.00399
0.00399
0.00399
0.00399
0.003992
0.003992
0.003992
0.003992
0.003992
0.003992
0.003992
0.003992
0.003992
0.004004
0.00401
0.0040279999999999995
0.004052
0.004062
0.004398
0.004404
0.004442
0.004448
0.004542
0.004582
0.0045839999999999995
0.004722
0.0048839999999999995
0.00492
0.005013999999999999
0.005116
0.00537
0.0054139999999999995
0.005456
0.005462
0.005546
0.005552
0.005574
0.0055839999999999996
0.0056359999999999995
0.005724
0.005768
0.005784
0.005816
0.005834
0.005872
0.0058779999999999995
0.005886
0.005889999999999999
0.0059099999999999995
0.005914
0.005915999999999999
0.005921999999999999
0.005928
0.0059299999999999995
0.0059359999999999994
0.0059359999999999994
0.005944
0.005946
0.005954
0.005954
0.0059559999999999995
0.005958
0.005958
0.00596
0.005961999999999999
0.005964
0.005966
0.005966
0.005967999999999999
0.005967999999999999
0.005967999999999999
0.00597
0.00597
0.00597
0.005972
0.005972
0.005972
0.005972
0.005972
0.005972
0.005974
0.005974
0.005974
0.005978
0.005978
0.005978
0.00598
0.00598
0.00598
0.00598
0.0059819999999999995
0.005987999999999999
0.00599
0.005996
0.006016
0.006344
0.006488
0.0066619999999999995
0.006869999999999999
0.007134
0.007143999999999999
0.007293999999999999
0.007342
0.007592
0.007644
0.007684
0.007725999999999999
0.007809999999999999
0.007844
0.007876
0.007906
0.007906
0.007924
0.007924
0.00793
0.007934
0.007934
0.007936
0.00794
0.007951999999999999
0.007954
0.007956
0.00796
0.007963999999999999
0.007963999999999999
0.008036
0.008577999999999999
0.00868
0.009248
0.009361999999999999
0.009668
0.009698
0.009703999999999999
0.009778
0.009814
0.009845999999999999
0.009888
0.009902
0.009937999999999999
0.009937999999999999
0.009942
0.009946
0.01
0.010213999999999999
0.010912
0.010914
0.011297999999999999
0.011396
0.011456
0.011484
0.011531999999999999
0.011748
0.011833999999999999
0.011843999999999999
0.011868
0.012447999999999999
0.012688
0.012834
0.012962
0.013189999999999999
0.0132
0.013425999999999999
0.013654
0.013696
0.013864
0.013874
0.014133999999999999
0.014603999999999999
0.01465
0.015432
0.015634
0.015799999999999998
0.016465999999999998
0.016602
0.017612
0.017622
0.017644
0.017787999999999998
0.018196
0.01823
0.019246
0.019306
0.01984
0.020822
0.020919999999999998
0.02196
0.022
0.022424
0.023785999999999998
0.024676
0.02469
0.025085999999999997
0.025911999999999998
0.02724
0.027906
0.037472
0.038149999999999996
0.038222
0.040082
0.04122
0.044586
0.046658
0.046818
0.050896
0.051727999999999996
0.057123999999999994
0.067268
0.069362
0.103472
0.122016
0.160134
0.192494
