0	3975.5227422783614
1	724.0003377616534
2	948.1793324975674
3	97.57664037716667
4	695.5325690906961
5	888.8829553779557
6	96.7464773788303
7	0.0
8	47.743167709483515
9	234.8707796881482
10	4.587995337995339
11	0.0
12	0.0
13	0.15384615384615385
14	0.0
15	17.947534362782044
16	38.90525267130532
17	0.36111111111111116
18	0.0
19	14.448761936378038
20	0.0
21	654.0
22	87.0
23	245.0
24	0.0
25	7.28333333333333
26	0.0
27	136.4302750122255
28	0.0
29	38.671411921411924
30	0.0
31	15.916017316017314
32	34.67991452991454
33	0.0
34	0.0
35	7.28333333333333
36	0.0
37	0.0
38	0.0
39	2.5333333333333345
40	3.5657731157731187
41	14.448761936378038
42	0.0
43	0.0
44	277.33569792780327
45	71.80344593487006
46	2.894444444444446
47	0.36111111111111116
48	440.2212798312798
49	226.97458319458326
50	0.0
51	168.0
52	62.38836996336995
53	7.097274947274949
54	14.556115487539637
55	6.050234646674275
56	0.0
57	0.0
58	0.0
59	0.0
60	0.0
61	8.837915038178195
62	4.26007326007326
63	0.0
64	8.285714285714286
65	0.0
66	334.0
67	0.0
68	2.0
69	0.0
70	0.0
71	0.0
72	1.3455433455433452
73	16.09365079365079
74	1.4332334332334333
75	1.4332334332334333
76	0.0
77	0.9333333333333332
78	0.0
79	0.0
80	0.0
81	7.423088023088022
82	0.0
83	0.0
84	0.0
85	0.0
