0.0
0.0
0.0
0.0
0.0
0.0
0.0
0.0
0.0
0.0
0.0
0.0
0.0
0.0
0.0
0.0
0.0
0.0
0.0
0.0
0.0
0.0
0.0
0.0
0.0
0.0
0.0
0.0
0.0
0.0
0.0
0.0
0.0
0.0
0.0
0.0
0.0
0.0
0.0
0.0
0.0
0.0
0.0
0.0
0.0
0.0
0.0
0.0
0.0
0.0
0.0
0.0
0.0
0.0
0.0
0.0
0.0
0.0
0.0
0.0
0.0
0.0
0.0
0.0
0.0
0.0
0.0
0.0
0.0
0.0
0.0
0.0
0.0
0.0
0.0
0.0
0.0
0.0
0.0
0.0
0.0
0.0
0.0
0.0
0.0
0.0
0.0
0.0
0.0
0.0
0.0
0.0
0.0
0.0
0.0
0.0
0.0
0.0
0.0
0.0
0.0
0.0
0.0
0.0
0.0
0.0
0.0
0.0
0.0
0.0
0.0
0.0
0.0
0.0
0.0
0.0
0.0
0.0
0.0
0.0
2.0E-6
2.0E-6
2.0E-6
2.0E-6
2.0E-6
2.0E-6
2.0E-6
2.0E-6
2.0E-6
2.0E-6
2.0E-6
2.0E-6
2.0E-6
2.0E-6
2.0E-6
2.0E-6
2.0E-6
2.0E-6
2.0E-6
2.0E-6
2.0E-6
2.0E-6
2.0E-6
2.0E-6
2.0E-6
2.0E-6
2.0E-6
2.0E-6
2.0E-6
2.0E-6
2.0E-6
2.0E-6
2.0E-6
2.0E-6
2.0E-6
2.0E-6
2.0E-6
2.0E-6
2.0E-6
2.0E-6
2.0E-6
2.0E-6
2.0E-6
2.0E-6
2.0E-6
2.0E-6
2.0E-6
2.0E-6
2.0E-6
2.0E-6
2.0E-6
2.0E-6
2.0E-6
2.0E-6
2.0E-6
2.0E-6
2.0E-6
2.0E-6
2.0E-6
2.0E-6
2.0E-6
2.0E-6
2.0E-6
2.0E-6
2.0E-6
2.0E-6
2.0E-6
2.0E-6
2.0E-6
2.0E-6
2.0E-6
2.0E-6
2.0E-6
2.0E-6
2.0E-6
2.0E-6
2.0E-6
2.0E-6
2.0E-6
2.0E-6
2.0E-6
2.0E-6
2.0E-6
2.0E-6
2.0E-6
2.0E-6
2.0E-6
2.0E-6
2.0E-6
2.0E-6
2.0E-6
2.0E-6
2.0E-6
2.0E-6
2.0E-6
2.0E-6
2.0E-6
2.0E-6
2.0E-6
4.0E-6
4.0E-6
4.0E-6
4.0E-6
4.0E-6
4.0E-6
4.0E-6
4.0E-6
4.0E-6
4.0E-6
4.0E-6
4.0E-6
4.0E-6
4.0E-6
4.0E-6
4.0E-6
4.0E-6
4.0E-6
4.0E-6
4.0E-6
4.0E-6
4.0E-6
4.0E-6
4.0E-6
4.0E-6
4.0E-6
4.0E-6
4.0E-6
4.0E-6
4.0E-6
4.0E-6
4.0E-6
4.0E-6
4.0E-6
4.0E-6
4.0E-6
4.0E-6
4.0E-6
4.0E-6
4.0E-6
4.0E-6
4.0E-6
4.0E-6
4.0E-6
4.0E-6
4.0E-6
4.0E-6
4.0E-6
4.0E-6
4.0E-6
6.0E-6
6.0E-6
6.0E-6
6.0E-6
6.0E-6
6.0E-6
6.0E-6
6.0E-6
6.0E-6
6.0E-6
6.0E-6
6.0E-6
6.0E-6
6.0E-6
6.0E-6
6.0E-6
6.0E-6
6.0E-6
6.0E-6
6.0E-6
6.0E-6
6.0E-6
6.0E-6
6.0E-6
6.0E-6
6.0E-6
6.0E-6
6.0E-6
6.0E-6
6.0E-6
6.0E-6
6.0E-6
6.0E-6
6.0E-6
6.0E-6
8.0E-6
8.0E-6
8.0E-6
8.0E-6
8.0E-6
8.0E-6
8.0E-6
8.0E-6
8.0E-6
8.0E-6
8.0E-6
8.0E-6
8.0E-6
8.0E-6
8.0E-6
8.0E-6
8.0E-6
8.0E-6
8.0E-6
8.0E-6
8.0E-6
8.0E-6
8.0E-6
8.0E-6
8.0E-6
8.0E-6
8.0E-6
8.0E-6
8.0E-6
8.0E-6
8.0E-6
8.0E-6
8.0E-6
9.999999999999999E-6
9.999999999999999E-6
9.999999999999999E-6
9.999999999999999E-6
9.999999999999999E-6
9.999999999999999E-6
9.999999999999999E-6
9.999999999999999E-6
9.999999999999999E-6
9.999999999999999E-6
9.999999999999999E-6
9.999999999999999E-6
9.999999999999999E-6
9.999999999999999E-6
9.999999999999999E-6
9.999999999999999E-6
9.999999999999999E-6
9.999999999999999E-6
9.999999999999999E-6
9.999999999999999E-6
9.999999999999999E-6
9.999999999999999E-6
9.999999999999999E-6
9.999999999999999E-6
9.999999999999999E-6
1.2E-5
1.2E-5
1.2E-5
1.2E-5
1.2E-5
1.2E-5
1.2E-5
1.2E-5
1.2E-5
1.2E-5
1.2E-5
1.2E-5
1.2E-5
1.2E-5
1.2E-5
1.2E-5
1.2E-5
1.2E-5
1.2E-5
1.2E-5
1.2E-5
1.4E-5
1.4E-5
1.4E-5
1.4E-5
1.4E-5
1.4E-5
1.4E-5
1.4E-5
1.4E-5
1.4E-5
1.4E-5
1.4E-5
1.4E-5
1.4E-5
1.6E-5
1.6E-5
1.6E-5
1.6E-5
1.6E-5
1.6E-5
1.6E-5
1.6E-5
1.6E-5
1.6E-5
1.6E-5
1.6E-5
1.6E-5
1.6E-5
1.6E-5
1.6E-5
1.6E-5
1.6E-5
1.6E-5
1.6E-5
1.8E-5
1.8E-5
1.8E-5
1.8E-5
1.8E-5
1.8E-5
1.8E-5
1.8E-5
1.8E-5
1.8E-5
1.8E-5
1.8E-5
1.8E-5
1.8E-5
1.8E-5
1.8E-5
1.8E-5
1.8E-5
1.9999999999999998E-5
1.9999999999999998E-5
1.9999999999999998E-5
1.9999999999999998E-5
1.9999999999999998E-5
1.9999999999999998E-5
1.9999999999999998E-5
1.9999999999999998E-5
1.9999999999999998E-5
2.2E-5
2.2E-5
2.2E-5
2.2E-5
2.2E-5
2.2E-5
2.4E-5
2.4E-5
2.4E-5
2.4E-5
2.4E-5
2.4E-5
2.4E-5
2.4E-5
2.4E-5
2.4E-5
2.4E-5
2.6E-5
2.6E-5
2.6E-5
2.6E-5
2.6E-5
2.6E-5
2.6E-5
2.6E-5
2.6E-5
2.6E-5
2.6E-5
2.8E-5
2.8E-5
2.8E-5
2.8E-5
2.8E-5
2.8E-5
2.9999999999999997E-5
2.9999999999999997E-5
2.9999999999999997E-5
2.9999999999999997E-5
2.9999999999999997E-5
2.9999999999999997E-5
3.2E-5
3.2E-5
3.2E-5
3.2E-5
3.2E-5
3.2E-5
3.4E-5
3.4E-5
3.4E-5
3.4E-5
3.4E-5
3.4E-5
3.6E-5
3.6E-5
3.6E-5
3.6E-5
3.6E-5
3.6E-5
3.6E-5
3.6E-5
3.6E-5
3.7999999999999995E-5
3.7999999999999995E-5
3.7999999999999995E-5
3.7999999999999995E-5
3.7999999999999995E-5
3.7999999999999995E-5
3.7999999999999995E-5
3.9999999999999996E-5
3.9999999999999996E-5
3.9999999999999996E-5
3.9999999999999996E-5
3.9999999999999996E-5
3.9999999999999996E-5
3.9999999999999996E-5
3.9999999999999996E-5
3.9999999999999996E-5
3.9999999999999996E-5
3.9999999999999996E-5
4.2E-5
4.2E-5
4.2E-5
4.2E-5
4.2E-5
4.4E-5
4.4E-5
4.4E-5
4.4E-5
4.4E-5
4.4E-5
4.6E-5
4.6E-5
4.6E-5
4.8E-5
4.8E-5
4.8E-5
4.8E-5
4.9999999999999996E-5
5.2E-5
5.4E-5
5.4E-5
5.6E-5
5.6E-5
5.6E-5
5.8E-5
5.8E-5
5.8E-5
5.8E-5
5.8E-5
5.9999999999999995E-5
5.9999999999999995E-5
6.2E-5
6.4E-5
6.4E-5
6.4E-5
6.4E-5
6.4E-5
6.4E-5
6.599999999999999E-5
6.599999999999999E-5
6.599999999999999E-5
6.599999999999999E-5
6.8E-5
6.8E-5
6.8E-5
6.8E-5
6.8E-5
7.0E-5
7.2E-5
7.2E-5
7.2E-5
7.599999999999999E-5
7.599999999999999E-5
7.599999999999999E-5
7.999999999999999E-5
8.2E-5
8.599999999999999E-5
8.8E-5
8.8E-5
8.8E-5
8.999999999999999E-5
8.999999999999999E-5
8.999999999999999E-5
8.999999999999999E-5
9.2E-5
9.2E-5
9.2E-5
9.2E-5
9.8E-5
9.999999999999999E-5
9.999999999999999E-5
1.04E-4
1.04E-4
1.04E-4
1.06E-4
1.0999999999999999E-4
1.1399999999999999E-4
1.16E-4
1.16E-4
1.16E-4
1.16E-4
1.16E-4
1.18E-4
1.1999999999999999E-4
1.1999999999999999E-4
1.22E-4
1.22E-4
1.24E-4
1.28E-4
1.28E-4
1.3E-4
1.3E-4
1.3199999999999998E-4
1.3199999999999998E-4
1.3199999999999998E-4
1.34E-4
1.34E-4
1.34E-4
1.36E-4
1.4E-4
1.44E-4
1.44E-4
1.44E-4
1.46E-4
1.5E-4
1.5E-4
1.5E-4
1.5E-4
1.5199999999999998E-4
1.5199999999999998E-4
1.54E-4
1.56E-4
1.56E-4
1.58E-4
1.6199999999999998E-4
1.64E-4
1.64E-4
1.66E-4
1.66E-4
1.68E-4
1.6999999999999999E-4
1.74E-4
1.78E-4
1.7999999999999998E-4
1.7999999999999998E-4
1.7999999999999998E-4
1.7999999999999998E-4
1.8199999999999998E-4
1.8199999999999998E-4
1.84E-4
1.86E-4
1.86E-4
1.88E-4
1.88E-4
1.8999999999999998E-4
1.8999999999999998E-4
1.96E-4
2.02E-4
2.0999999999999998E-4
2.0999999999999998E-4
2.16E-4
2.16E-4
2.22E-4
2.24E-4
2.34E-4
2.34E-4
2.36E-4
2.3799999999999998E-4
2.3999999999999998E-4
2.44E-4
2.44E-4
2.6199999999999997E-4
2.6399999999999997E-4
2.6399999999999997E-4
2.6399999999999997E-4
2.66E-4
2.68E-4
2.72E-4
2.74E-4
2.76E-4
2.8399999999999996E-4
2.8399999999999996E-4
2.86E-4
2.88E-4
2.94E-4
2.98E-4
3.0199999999999997E-4
3.0199999999999997E-4
3.08E-4
3.16E-4
3.16E-4
3.16E-4
3.28E-4
3.3E-4
3.36E-4
3.38E-4
3.48E-4
3.52E-4
3.52E-4
3.54E-4
3.56E-4
3.68E-4
3.7999999999999997E-4
3.92E-4
3.94E-4
3.9799999999999997E-4
3.9999999999999996E-4
4.08E-4
4.08E-4
4.08E-4
4.14E-4
4.14E-4
4.1799999999999997E-4
4.24E-4
4.28E-4
4.3E-4
4.32E-4
4.3599999999999997E-4
4.5E-4
4.54E-4
4.64E-4
4.66E-4
4.7E-4
5.16E-4
5.22E-4
5.239999999999999E-4
5.56E-4
5.6E-4
5.62E-4
5.679999999999999E-4
5.679999999999999E-4
5.7E-4
5.7E-4
5.76E-4
5.8E-4
5.8E-4
5.94E-4
6.02E-4
6.079999999999999E-4
6.16E-4
6.2E-4
6.219999999999999E-4
6.299999999999999E-4
6.34E-4
6.36E-4
6.36E-4
6.42E-4
6.64E-4
6.64E-4
6.68E-4
6.76E-4
6.86E-4
6.92E-4
7.019999999999999E-4
7.16E-4
7.44E-4
7.48E-4
7.5E-4
7.72E-4
7.859999999999999E-4
7.92E-4
8.139999999999999E-4
8.34E-4
8.64E-4
8.68E-4
8.719999999999999E-4
8.86E-4
8.88E-4
8.96E-4
8.979999999999999E-4
9.119999999999999E-4
9.119999999999999E-4
9.22E-4
9.419999999999999E-4
9.86E-4
0.001
0.001
0.001008
0.001008
0.00108
0.001102
0.001106
0.0011099999999999999
0.001122
0.001126
0.001134
0.001186
0.0012079999999999999
0.001212
0.00122
0.001232
0.001264
0.001284
0.001286
0.0013059999999999999
0.001322
0.001362
0.0013679999999999999
0.0013759999999999998
0.0013959999999999999
0.0014039999999999999
0.0014039999999999999
0.001426
0.0014299999999999998
0.001444
0.001452
0.001452
0.00147
0.001516
0.001532
0.001548
0.001566
0.0015719999999999998
0.001578
0.0015819999999999999
0.001584
0.001594
0.0015999999999999999
0.001606
0.001612
0.00162
0.001642
0.001642
0.00165
0.0016619999999999998
0.0016699999999999998
0.0016899999999999999
0.001696
0.001696
0.00171
0.001714
0.0017259999999999999
0.001728
0.0017339999999999999
0.0017339999999999999
0.0017419999999999998
0.0017499999999999998
0.0017519999999999999
0.001754
0.001758
0.0017599999999999998
0.001766
0.001766
0.0017679999999999998
0.001774
0.001784
0.0017879999999999999
0.0017959999999999999
0.0017959999999999999
0.0018039999999999998
0.0018039999999999998
0.0018059999999999999
0.001808
0.00181
0.00181
0.001816
0.001816
0.001818
0.0018219999999999998
0.0018239999999999999
0.001828
0.0018299999999999998
0.0018319999999999999
0.0018319999999999999
0.001834
0.001838
0.001838
0.0018399999999999998
0.0018419999999999999
0.001844
0.001846
0.0018499999999999999
0.001854
0.001856
0.001856
0.001862
0.001862
0.001864
0.0018659999999999998
0.0018659999999999998
0.001874
0.0018759999999999998
0.001878
0.001878
0.001882
0.001882
0.0018939999999999999
0.0019039999999999999
0.001906
0.001906
0.001906
0.001908
0.001916
0.001926
0.0019299999999999999
0.0019299999999999999
0.0019299999999999999
0.001932
0.001932
0.001934
0.001934
0.001936
0.001936
0.0019399999999999999
0.0019399999999999999
0.001942
0.001944
0.001944
0.0019459999999999998
0.0019459999999999998
0.0019459999999999998
0.0019479999999999999
0.0019479999999999999
0.0019479999999999999
0.00195
0.00195
0.001952
0.001952
0.001954
0.001954
0.001954
0.001956
0.001956
0.001956
0.001956
0.001956
0.001958
0.00196
0.00196
0.0019619999999999998
0.0019619999999999998
0.0019619999999999998
0.0019619999999999998
0.001964
0.001964
0.001964
0.001964
0.001964
0.001966
0.001966
0.001966
0.0019679999999999997
0.0019679999999999997
0.0019679999999999997
0.0019679999999999997
0.00197
0.00197
0.001972
0.001972
0.001972
0.001972
0.001974
0.001974
0.001974
0.001974
0.001976
0.001976
0.001976
0.001976
0.0019779999999999997
0.0019779999999999997
0.0019779999999999997
0.0019779999999999997
0.0019779999999999997
0.0019779999999999997
0.0019779999999999997
0.00198
0.00198
0.00198
0.00198
0.00198
0.00198
0.001982
0.001982
0.001982
0.001982
0.001982
0.001982
0.001982
0.001982
0.001982
0.001984
0.001984
0.001984
0.001984
0.001984
0.001984
0.001984
0.001984
0.001984
0.001984
0.001984
0.001984
0.001984
0.001984
0.001984
0.001986
0.001986
0.001986
0.001986
0.001986
0.001986
0.001986
0.001986
0.001986
0.001986
0.001986
0.001986
0.001986
0.001986
0.001986
0.001986
0.0019879999999999997
0.0019879999999999997
0.0019879999999999997
0.0019879999999999997
0.0019879999999999997
0.0019879999999999997
0.0019879999999999997
0.0019879999999999997
0.0019879999999999997
0.0019879999999999997
0.0019879999999999997
0.0019879999999999997
0.0019879999999999997
0.0019879999999999997
0.0019879999999999997
0.0019879999999999997
0.0019879999999999997
0.0019879999999999997
0.0019879999999999997
0.00199
0.00199
0.00199
0.00199
0.00199
0.00199
0.00199
0.00199
0.00199
0.00199
0.00199
0.00199
0.00199
0.00199
0.00199
0.00199
0.00199
0.00199
0.00199
0.00199
0.00199
0.001992
0.001992
0.001992
0.001992
0.001992
0.001992
0.001992
0.001992
0.001992
0.001992
0.001992
0.001992
0.001992
0.001992
0.001992
0.001992
0.001992
0.001992
0.001992
0.001992
0.001992
0.001992
0.001992
0.001992
0.001992
0.001992
0.001992
0.001992
0.001992
0.001992
0.001992
0.001992
0.001994
0.001994
0.001994
0.001994
0.001994
0.001994
0.001994
0.001994
0.001994
0.001994
0.001994
0.001994
0.001994
0.001994
0.001994
0.001994
0.001994
0.001994
0.001994
0.001994
0.001994
0.001994
0.001994
0.001994
0.001994
0.001994
0.001994
0.001994
0.001994
0.001994
0.001994
0.001994
0.001994
0.001994
0.001994
0.001994
0.001994
0.001994
0.001994
0.001994
0.001994
0.001994
0.001994
0.001994
0.001994
0.001994
0.001994
0.001994
0.001994
0.001994
0.001996
0.001996
0.001996
0.001996
0.001996
0.001996
0.001996
0.001996
0.001996
0.001996
0.001996
0.001996
0.001996
0.001996
0.001996
0.001996
0.001996
0.001996
0.001996
0.001996
0.001996
0.001996
0.001996
0.001996
0.001996
0.001996
0.001996
0.001996
0.001996
0.001996
0.001996
0.001996
0.001996
0.001996
0.001996
0.001996
0.001996
0.001996
0.001996
0.001996
0.001996
0.001996
0.001996
0.001996
0.001996
0.001996
0.001996
0.001996
0.001996
0.001996
0.001996
0.001996
0.001996
0.001996
0.001996
0.001996
0.001996
0.001996
0.001996
0.001996
0.001996
0.001996
0.001996
0.001996
0.001996
0.001996
0.001996
0.001996
0.001996
0.001996
0.001996
0.001996
0.001996
0.001996
0.001996
0.001996
0.001996
0.001996
0.001996
0.001996
0.001996
0.001996
0.001996
0.001996
0.001996
0.001996
0.001996
0.001996
0.001996
0.001996
0.001996
0.001996
0.001996
0.001996
0.001996
0.001996
0.001996
0.001996
0.001996
0.001996
0.001996
0.001996
0.001996
0.001996
0.001996
0.001996
0.001996
0.001996
0.001996
0.001996
0.001996
0.001996
0.001996
0.001996
0.001996
0.001996
0.001996
0.001996
0.001996
0.001996
0.001996
0.001996
0.001996
0.001996
0.001996
0.001996
0.001996
0.001996
0.001996
0.001996
0.001996
0.001996
0.001996
0.001996
0.001996
0.001996
0.001996
0.001996
0.001996
0.001996
0.001996
0.001996
0.001996
0.001996
0.001996
0.001996
0.001996
0.001996
0.001996
0.001996
0.001996
0.0019979999999999998
0.0019979999999999998
0.0019979999999999998
0.0019979999999999998
0.0019979999999999998
0.0019979999999999998
0.0019979999999999998
0.0019979999999999998
0.0019979999999999998
0.0019979999999999998
0.0019979999999999998
0.0019979999999999998
0.0019979999999999998
0.0019979999999999998
0.0019979999999999998
0.0019979999999999998
0.0019979999999999998
0.0019979999999999998
0.0019979999999999998
0.0019979999999999998
0.0019979999999999998
0.0019979999999999998
0.0019979999999999998
0.0019979999999999998
0.0019979999999999998
0.0019979999999999998
0.0019979999999999998
0.0019979999999999998
0.0019979999999999998
0.0019979999999999998
0.0019979999999999998
0.0019979999999999998
0.0019979999999999998
0.0019979999999999998
0.0019979999999999998
0.0019979999999999998
0.0019979999999999998
0.0019979999999999998
0.0019979999999999998
0.0019979999999999998
0.0019979999999999998
0.0019979999999999998
0.0019979999999999998
0.0019979999999999998
0.0019979999999999998
0.0019979999999999998
0.0019979999999999998
0.0019979999999999998
0.0019979999999999998
0.0019979999999999998
0.0019979999999999998
0.0019979999999999998
0.0019979999999999998
0.0019979999999999998
0.0019979999999999998
0.0019979999999999998
0.0019979999999999998
0.0019979999999999998
0.0019979999999999998
0.0019979999999999998
0.0019979999999999998
0.0019979999999999998
0.0019979999999999998
0.0019979999999999998
0.0019979999999999998
0.0019979999999999998
0.0019979999999999998
0.0019979999999999998
0.0019979999999999998
0.0019979999999999998
0.0019979999999999998
0.0019979999999999998
0.0019979999999999998
0.0019979999999999998
0.0019979999999999998
0.0019979999999999998
0.0019979999999999998
0.002
0.002
0.002
0.002
0.002
0.002
0.002
0.002
0.002002
0.002002
0.002002
0.002002
0.002002
0.0020039999999999997
0.0020039999999999997
0.0020039999999999997
0.002006
0.002006
0.002006
0.002006
0.002006
0.002006
0.002006
0.002006
0.002008
0.002008
0.002008
0.00201
0.00201
0.002012
0.002012
0.002012
0.0020139999999999997
0.002016
0.002016
0.002016
0.002018
0.002018
0.00202
0.00202
0.0020239999999999998
0.002028
0.00203
0.00203
0.002032
0.002034
0.002034
0.002034
0.0020399999999999997
0.002048
0.002048
0.002054
0.0020599999999999998
0.002062
0.002082
0.002114
0.002116
0.002128
0.0021319999999999998
0.002152
0.002154
0.002154
0.0021579999999999998
0.0021639999999999997
0.002176
0.0021839999999999997
0.002204
0.002208
0.002226
0.002232
0.002258
0.0022819999999999997
0.002288
0.00229
0.002296
0.00235
0.002358
0.0023639999999999998
0.002394
0.0024
0.002412
0.002428
0.0025299999999999997
0.0025499999999999997
0.0025659999999999997
0.002616
0.0026219999999999998
0.002678
0.002754
0.002786
0.0027879999999999997
0.00283
0.0028539999999999998
0.002902
0.002934
0.002936
0.00294
0.00308
0.0031179999999999997
0.0032719999999999997
0.003274
0.0033499999999999997
0.0033859999999999997
0.0033859999999999997
0.003388
0.003404
0.003408
0.003424
0.003456
0.003466
0.0034939999999999997
0.0035139999999999998
0.003544
0.003564
0.003588
0.00359
0.003636
0.003658
0.003666
0.003668
0.0036839999999999998
0.003702
0.003704
0.003728
0.0037579999999999996
0.00376
0.00378
0.0038
0.003802
0.003802
0.00381
0.003812
0.003816
0.0038199999999999996
0.003822
0.003838
0.0038399999999999997
0.003852
0.003858
0.003858
0.003864
0.003872
0.0038759999999999997
0.0038759999999999997
0.003878
0.003878
0.003888
0.003908
0.003914
0.00392
0.003932
0.003932
0.003934
0.003934
0.003935999999999999
0.003938
0.00394
0.003942
0.003944
0.003946
0.003948
0.0039499999999999995
0.0039499999999999995
0.0039499999999999995
0.0039499999999999995
0.003952
0.003954
0.003954
0.003958
0.00396
0.003962
0.003962
0.003964
0.003964
0.003964
0.003966
0.003966
0.00397
0.00397
0.00397
0.003972
0.003974
0.003974
0.003974
0.0039759999999999995
0.0039759999999999995
0.0039759999999999995
0.003978
0.003978
0.003978
0.003978
0.003978
0.00398
0.00398
0.00398
0.00398
0.00398
0.00398
0.00398
0.003981999999999999
0.003981999999999999
0.003981999999999999
0.003981999999999999
0.003981999999999999
0.003981999999999999
0.003981999999999999
0.003981999999999999
0.003981999999999999
0.003984
0.003984
0.003984
0.003984
0.003986
0.003986
0.003986
0.003986
0.003986
0.003986
0.003986
0.003986
0.003986
0.003986
0.003986
0.003986
0.003986
0.003986
0.003986
0.003986
0.003986
0.003986
0.003988
0.003988
0.003988
0.003988
0.003988
0.003988
0.00399
0.00399
0.00399
0.00399
0.00399
0.00399
0.00399
0.00399
0.00399
0.00399
0.003992
0.003994
0.003994
0.0039959999999999996
0.003998
0.0040019999999999995
0.004004
0.004006
0.004007999999999999
0.00401
0.00401
0.004016
0.004018
0.0040279999999999995
0.004056
0.004076
0.004092
0.004116
0.004131999999999999
0.004144
0.004229999999999999
0.004246
0.004275999999999999
0.004284
0.004294
0.004358
0.0043619999999999996
0.00437
0.004384
0.004399999999999999
0.004412
0.0044399999999999995
0.004474
0.004497999999999999
0.004569999999999999
0.004574
0.004576
0.004628
0.004641999999999999
0.0047799999999999995
0.004836
0.0048519999999999995
0.004876
0.004896
0.0049099999999999994
0.004914
0.0049559999999999995
0.004987999999999999
0.005036
0.005038
0.005084
0.005096
0.005108
0.005216
0.005235999999999999
0.005338
0.0053739999999999994
0.005398
0.005405999999999999
0.005456
0.005502
0.005503999999999999
0.005528
0.0055379999999999995
0.005549999999999999
0.0056159999999999995
0.005618
0.005647999999999999
0.005652
0.005652
0.005684
0.005736
0.005742
0.005768
0.0057859999999999995
0.0058
0.005814
0.005822
0.005826
0.005846
0.005868
0.0058839999999999995
0.005886
0.005889999999999999
0.005895999999999999
0.005895999999999999
0.005926
0.0059299999999999995
0.005934
0.005934
0.0059359999999999994
0.005944
0.005944
0.005944
0.005944
0.005944
0.005948
0.005948
0.0059499999999999996
0.0059499999999999996
0.0059559999999999995
0.005958
0.005961999999999999
0.005964
0.005967999999999999
0.005967999999999999
0.005967999999999999
0.005967999999999999
0.00597
0.005972
0.005974
0.005974
0.005974
0.0059759999999999995
0.0059759999999999995
0.005978
0.00598
0.005984
0.005987999999999999
0.006004
0.00603
0.0060539999999999995
0.0060539999999999995
0.0060999999999999995
0.006122
0.006134
0.0063479999999999995
0.0065119999999999996
0.006712
0.006731999999999999
0.006777999999999999
0.00679
0.006808
0.0068379999999999995
0.006946
0.0070079999999999995
0.007044
0.007094
0.007116
0.007346
0.007346
0.007346
0.00739
0.007476
0.00754
0.007587999999999999
0.007633999999999999
0.007672
0.00775
0.007754
0.007782
0.00784
0.007852
0.00787
0.007892
0.007904
0.007922
0.007924
0.007936
0.007936
0.007936
0.007942
0.007946
0.007948
0.007994
0.008008
0.008338
0.008364
0.008398
0.008494
0.008556
0.008622
0.00868
0.008801999999999999
0.009089999999999999
0.009354
0.00938
0.009585999999999999
0.009648
0.009736
0.009844
0.009936
0.010041999999999999
0.010067999999999999
0.010275999999999999
0.010354
0.011009999999999999
0.011066
0.011099999999999999
0.011122
0.011153999999999999
0.011439999999999999
0.011595999999999999
0.012098
0.012248
0.012768
0.012931999999999999
0.013193999999999999
0.01346
0.013498
0.014077999999999999
0.014147999999999999
0.014488
0.014499999999999999
0.014872
0.015425999999999999
0.015515999999999999
0.015531999999999999
0.016527999999999998
0.016644
0.016697999999999998
0.016933999999999998
0.0185
0.019174
0.019312
0.019486
0.019521999999999998
0.020408
0.021664
0.02318
0.023604
0.02513
0.026275999999999997
0.02691
0.027212
0.028526
0.029769999999999998
0.030719999999999997
0.031953999999999996
0.03349
0.034692
0.035755999999999996
0.03856
0.041457999999999995
0.043126
0.044199999999999996
0.04924
0.051114
0.051264
0.051303999999999995
0.053424
0.054032
0.060264
0.076278
0.123958
