0.0
0.0
0.0
0.0
0.0
0.0
0.0
0.0
0.0
0.0
0.0
0.0
0.0
0.0
0.0
0.0
0.0
0.0
0.0
0.0
0.0
0.0
0.0
0.0
0.0
0.0
0.0
0.0
0.0
0.0
0.0
0.0
0.0
0.0
0.0
0.0
0.0
0.0
0.0
0.0
0.0
0.0
0.0
0.0
0.0
0.0
0.0
0.0
0.0
0.0
0.0
0.0
0.0
0.0
0.0
0.0
0.0
0.0
0.0
0.0
0.0
0.0
0.0
0.0
0.0
0.0
0.0
0.0
0.0
0.0
0.0
0.0
0.0
0.0
0.0
0.0
0.0
0.0
0.0
0.0
0.0
0.0
0.0
0.0
0.0
0.0
0.0
0.0
0.0
0.0
0.0
0.0
0.0
0.0
0.0
0.0
0.0
0.0
0.0
0.0
0.0
0.0
0.0
0.0
0.0
0.0
0.0
0.0
0.0
0.0
0.0
0.0
0.0
0.0
0.0
0.0
0.0
0.0
0.0
0.0
0.0
0.0
0.0
0.0
0.0
0.0
0.0
0.0
0.0
0.0
0.0
0.0
0.0
0.0
0.0
0.0
0.0
0.0
0.0
0.0
0.0
0.0
0.0
0.0
0.0
0.0
0.0
0.0
0.0
0.0
0.0
0.0
0.0
0.0
0.0
0.0
0.0
0.0
0.0
0.0
0.0
0.0
0.0
0.0
0.0
0.0
0.0
0.0
0.0
0.0
0.0
0.0
0.0
0.0
0.0
0.0
0.0
0.0
0.0
0.0
0.0
0.0
0.0
0.0
0.0
0.0
0.0
0.0
0.0
0.0
0.0
0.0
0.0
0.0
0.0
0.0
0.0
0.0
0.0
0.0
0.0
0.0
0.0
0.0
0.0
0.0
0.0
0.0
0.0
0.0
0.0
0.0
0.0
0.0
0.0
0.0
0.0
0.0
0.0
0.0
0.0
0.0
0.0
0.0
0.0
0.0
0.0
0.0
0.0
0.0
0.0
0.0
0.0
0.0
0.0
0.0
0.0
0.0
0.0
0.0
0.0
0.0
0.0
0.0
0.0
0.0
0.0
0.0
0.0
0.0
0.0
0.0
0.0
0.0
0.0
0.0
0.0
0.0
0.0
0.0
0.0
0.0
0.0
0.0
0.0
0.0
0.0
0.0
0.0
0.0
0.0
0.0
0.0
0.0
0.0
0.0
0.0
0.0
0.0
0.0
0.0
0.0
0.0
0.0
0.0
0.0
0.0
0.0
0.0
0.0
0.0
0.0
0.0
0.0
0.0
0.0
0.0
0.0
0.0
0.0
0.0
0.0
0.0
0.0
0.0
0.0
0.0
0.0
0.0
0.0
0.0
0.0
0.0
0.0
0.0
0.0
0.0
0.0
0.0
0.0
0.0
0.0
0.0
0.0
0.0
0.0
0.0
0.0
0.0
0.0
0.0
0.0
0.0
0.0
0.0
0.0
0.0
0.0
0.0
0.0
0.0
0.0
0.0
0.0
0.0
0.0
0.0
0.0
0.0
0.0
0.0
0.0
0.0
0.0
0.0
0.0
0.0
0.0
0.0
0.0
0.0
0.0
0.0
0.0
0.0
0.0
0.0
0.0
0.0
0.0
0.0
0.0
0.0
0.0
0.0
0.0
0.0
0.0
0.0
0.0
0.0
0.0
0.0
0.0
0.0
0.0
0.0
0.0
0.0
0.0
0.0
0.0
0.0
0.0
0.0
0.0
0.0
0.0
0.0
0.0
0.0
0.0
0.0
0.0
0.0
0.0
0.0
0.0
0.0
0.0
0.0
0.0
0.0
0.0
0.0
0.0
0.0
0.0
0.0
0.0
0.0
0.0
0.0
0.0
0.0
0.0
0.0
0.0
0.0
0.0
0.0
0.0
0.0
0.0
0.0
0.0
0.0
0.0
0.0
0.0
0.0
0.0
0.0
0.0
0.0
0.0
0.0
0.0
0.0
0.0
0.0
0.0
0.0
0.0
0.0
0.0
0.0
0.0
0.0
0.0
0.0
0.0
0.0
0.0
0.0
0.0
0.0
0.0
0.0
0.0
0.0
0.0
0.0
0.0
0.0
0.0
0.0
0.0
0.0
0.0
0.0
0.0
0.0
0.0
0.0
0.0
0.0
0.0
0.0
0.0
0.0
0.0
0.0
0.0
0.0
0.0
0.0
0.0
0.0
0.0
0.0
0.0
0.0
0.0
0.0
0.0
0.0
0.0
0.0
0.0
0.0
0.0
0.0
0.0
0.0
0.0
0.0
0.0
0.0
0.0
0.0
0.0
0.0
0.0
0.0
0.0
0.0
0.0
0.0
0.0
0.0
0.0
0.0
0.0
0.0
0.0
0.0
0.0
0.0
0.0
0.0
0.0
0.0
0.0
0.0
0.0
0.0
0.0
0.0
0.0
0.0
0.0
0.0
0.0
0.0
0.0
0.0
0.0
0.0
0.0
0.0
0.0
0.0
0.0
0.0
0.0
0.0
0.0
0.0
0.0
0.0
0.0
0.0
0.0
0.0
0.0
0.0
0.0
0.0
0.0
0.0
0.0
0.0
0.0
0.0
0.0
0.0
0.0
0.0
0.0
0.0
0.0
0.0
0.0
0.0
0.0
0.0
0.0
0.0
0.0
0.0
0.0
0.0
0.0
0.0
0.0
0.0
0.0
0.0
0.0
0.0
0.0
0.0
0.0
0.0
0.0
0.0
0.0
0.0
0.0
0.0
0.0
0.0
0.0
0.0
0.0
0.0
0.0
0.0
0.0
0.0
0.0
0.0
0.0
0.0
0.0
0.0
0.0
0.0
0.0
0.0
0.0
0.0
0.0
0.0
0.0
0.0
0.0
0.0
0.0
0.0
0.0
0.0
0.0
0.0
0.0
0.0
0.0
0.0
0.0
0.0
0.0
0.0
0.0
0.0
0.0
0.0
0.0
0.0
0.0
0.0
0.0
0.0
0.0
0.0
0.0
2.0E-6
2.0E-6
2.0E-6
2.0E-6
2.0E-6
2.0E-6
2.0E-6
2.0E-6
2.0E-6
2.0E-6
2.0E-6
2.0E-6
2.0E-6
2.0E-6
2.0E-6
2.0E-6
2.0E-6
2.0E-6
2.0E-6
2.0E-6
2.0E-6
2.0E-6
2.0E-6
2.0E-6
2.0E-6
2.0E-6
2.0E-6
2.0E-6
2.0E-6
2.0E-6
2.0E-6
2.0E-6
2.0E-6
2.0E-6
2.0E-6
2.0E-6
2.0E-6
2.0E-6
2.0E-6
2.0E-6
2.0E-6
2.0E-6
2.0E-6
2.0E-6
2.0E-6
2.0E-6
2.0E-6
2.0E-6
2.0E-6
2.0E-6
2.0E-6
2.0E-6
2.0E-6
2.0E-6
2.0E-6
2.0E-6
2.0E-6
2.0E-6
2.0E-6
2.0E-6
2.0E-6
2.0E-6
2.0E-6
2.0E-6
2.0E-6
2.0E-6
2.0E-6
2.0E-6
2.0E-6
2.0E-6
2.0E-6
2.0E-6
2.0E-6
2.0E-6
2.0E-6
2.0E-6
2.0E-6
2.0E-6
2.0E-6
2.0E-6
2.0E-6
2.0E-6
2.0E-6
2.0E-6
2.0E-6
2.0E-6
2.0E-6
4.0E-6
4.0E-6
4.0E-6
4.0E-6
4.0E-6
4.0E-6
4.0E-6
4.0E-6
4.0E-6
4.0E-6
4.0E-6
4.0E-6
4.0E-6
4.0E-6
4.0E-6
4.0E-6
4.0E-6
4.0E-6
4.0E-6
4.0E-6
4.0E-6
4.0E-6
4.0E-6
4.0E-6
4.0E-6
4.0E-6
4.0E-6
4.0E-6
4.0E-6
4.0E-6
4.0E-6
4.0E-6
4.0E-6
4.0E-6
4.0E-6
4.0E-6
4.0E-6
4.0E-6
4.0E-6
6.0E-6
6.0E-6
6.0E-6
6.0E-6
6.0E-6
6.0E-6
6.0E-6
6.0E-6
6.0E-6
6.0E-6
6.0E-6
6.0E-6
6.0E-6
6.0E-6
6.0E-6
6.0E-6
6.0E-6
6.0E-6
6.0E-6
6.0E-6
6.0E-6
6.0E-6
6.0E-6
6.0E-6
6.0E-6
6.0E-6
6.0E-6
6.0E-6
6.0E-6
6.0E-6
6.0E-6
8.0E-6
8.0E-6
8.0E-6
8.0E-6
8.0E-6
8.0E-6
8.0E-6
8.0E-6
8.0E-6
8.0E-6
8.0E-6
8.0E-6
8.0E-6
8.0E-6
8.0E-6
8.0E-6
8.0E-6
8.0E-6
8.0E-6
8.0E-6
9.999999999999999E-6
9.999999999999999E-6
9.999999999999999E-6
9.999999999999999E-6
9.999999999999999E-6
9.999999999999999E-6
9.999999999999999E-6
1.2E-5
1.2E-5
1.2E-5
1.2E-5
1.2E-5
1.2E-5
1.2E-5
1.2E-5
1.4E-5
1.4E-5
1.4E-5
1.4E-5
1.4E-5
1.6E-5
1.6E-5
1.6E-5
1.6E-5
1.6E-5
1.6E-5
1.8E-5
1.8E-5
1.8E-5
1.8E-5
1.9999999999999998E-5
1.9999999999999998E-5
1.9999999999999998E-5
1.9999999999999998E-5
1.9999999999999998E-5
2.2E-5
2.2E-5
2.2E-5
2.4E-5
2.4E-5
2.4E-5
2.4E-5
2.6E-5
2.9999999999999997E-5
3.2E-5
3.2E-5
3.4E-5
3.4E-5
3.6E-5
3.6E-5
3.9999999999999996E-5
3.9999999999999996E-5
4.9999999999999996E-5
4.9999999999999996E-5
6.599999999999999E-5
6.599999999999999E-5
7.599999999999999E-5
8.999999999999999E-5
9.999999999999999E-5
9.999999999999999E-5
9.999999999999999E-5
1.08E-4
1.1399999999999999E-4
1.18E-4
1.22E-4
1.3199999999999998E-4
1.4E-4
1.44E-4
1.44E-4
1.86E-4
1.8999999999999998E-4
1.98E-4
2.0999999999999998E-4
2.12E-4
2.24E-4
3.5999999999999997E-4
3.7799999999999997E-4
3.7999999999999997E-4
4.44E-4
5.7E-4
6.6E-4
6.839999999999999E-4
7.599999999999999E-4
7.68E-4
8.92E-4
9.419999999999999E-4
9.54E-4
0.001004
0.001032
0.001064
0.001106
0.001292
0.00132
0.001486
0.0017259999999999999
0.001774
0.0017879999999999999
0.001808
0.001812
0.0018759999999999998
0.00188
0.0019199999999999998
0.001932
0.001932
0.001952
0.001964
0.001966
0.001966
0.001966
0.001972
0.001974
0.001974
0.001974
0.001974
0.001974
0.0019779999999999997
0.00198
0.00198
0.00198
0.001982
0.001982
0.001982
0.001984
0.001984
0.001984
0.001984
0.001984
0.001986
0.001986
0.001986
0.001986
0.001986
0.001986
0.0019879999999999997
0.0019879999999999997
0.0019879999999999997
0.00199
0.00199
0.00199
0.00199
0.00199
0.00199
0.00199
0.00199
0.00199
0.00199
0.00199
0.00199
0.00199
0.00199
0.00199
0.00199
0.00199
0.00199
0.001992
0.001992
0.001992
0.001992
0.001992
0.001992
0.001992
0.001992
0.001992
0.001992
0.001992
0.001992
0.001992
0.001992
0.001992
0.001992
0.001992
0.001992
0.001992
0.001992
0.001992
0.001992
0.001992
0.001992
0.001992
0.001992
0.001992
0.001992
0.001992
0.001994
0.001994
0.001994
0.001994
0.001994
0.001994
0.001994
0.001994
0.001994
0.001994
0.001994
0.001994
0.001994
0.001994
0.001994
0.001994
0.001994
0.001994
0.001994
0.001994
0.001994
0.001994
0.001994
0.001994
0.001994
0.001994
0.001994
0.001994
0.001994
0.001994
0.001994
0.001994
0.001994
0.001994
0.001994
0.001996
0.001996
0.001996
0.001996
0.001996
0.001996
0.001996
0.001996
0.001996
0.001996
0.001996
0.001996
0.001996
0.001996
0.001996
0.001996
0.001996
0.001996
0.001996
0.001996
0.001996
0.001996
0.001996
0.001996
0.001996
0.001996
0.001996
0.001996
0.001996
0.001996
0.001996
0.001996
0.001996
0.001996
0.001996
0.001996
0.001996
0.001996
0.001996
0.001996
0.001996
0.001996
0.001996
0.001996
0.001996
0.001996
0.001996
0.001996
0.001996
0.001996
0.001996
0.001996
0.001996
0.001996
0.001996
0.001996
0.001996
0.001996
0.001996
0.001996
0.001996
0.001996
0.001996
0.001996
0.001996
0.001996
0.001996
0.001996
0.001996
0.001996
0.001996
0.001996
0.001996
0.001996
0.001996
0.001996
0.001996
0.001996
0.001996
0.001996
0.001996
0.001996
0.001996
0.001996
0.001996
0.001996
0.001996
0.001996
0.001996
0.001996
0.001996
0.001996
0.001996
0.001996
0.001996
0.001996
0.001996
0.001996
0.001996
0.001996
0.001996
0.001996
0.001996
0.001996
0.001996
0.001996
0.001996
0.001996
0.001996
0.001996
0.001996
0.001996
0.001996
0.001996
0.001996
0.001996
0.001996
0.001996
0.001996
0.001996
0.001996
0.001996
0.001996
0.001996
0.001996
0.001996
0.001996
0.001996
0.001996
0.001996
0.001996
0.001996
0.001996
0.001996
0.001996
0.001996
0.001996
0.001996
0.001996
0.001996
0.001996
0.001996
0.001996
0.001996
0.001996
0.001996
0.001996
0.001996
0.001996
0.001996
0.001996
0.0019979999999999998
0.0019979999999999998
0.0019979999999999998
0.0019979999999999998
0.0019979999999999998
0.0019979999999999998
0.0019979999999999998
0.0019979999999999998
0.0019979999999999998
0.0019979999999999998
0.0019979999999999998
0.0019979999999999998
0.0019979999999999998
0.0019979999999999998
0.0019979999999999998
0.0019979999999999998
0.0019979999999999998
0.0019979999999999998
0.0019979999999999998
0.0019979999999999998
0.0019979999999999998
0.0019979999999999998
0.0019979999999999998
0.0019979999999999998
0.0019979999999999998
0.0019979999999999998
0.0019979999999999998
0.0019979999999999998
0.0019979999999999998
0.0019979999999999998
0.0019979999999999998
0.0019979999999999998
0.0019979999999999998
0.0019979999999999998
0.0019979999999999998
0.0019979999999999998
0.0019979999999999998
0.0019979999999999998
0.0019979999999999998
0.0019979999999999998
0.0019979999999999998
0.0019979999999999998
0.0019979999999999998
0.0019979999999999998
0.0019979999999999998
0.0019979999999999998
0.0019979999999999998
0.0019979999999999998
0.0019979999999999998
0.0019979999999999998
0.0019979999999999998
0.0019979999999999998
0.0019979999999999998
0.0019979999999999998
0.0019979999999999998
0.0019979999999999998
0.0019979999999999998
0.0019979999999999998
0.0019979999999999998
0.0019979999999999998
0.0019979999999999998
0.0019979999999999998
0.0019979999999999998
0.0019979999999999998
0.0019979999999999998
0.0019979999999999998
0.0019979999999999998
0.0019979999999999998
0.0019979999999999998
0.0019979999999999998
0.0019979999999999998
0.0019979999999999998
0.0019979999999999998
0.0019979999999999998
0.0019979999999999998
0.0019979999999999998
0.0019979999999999998
0.0019979999999999998
0.0019979999999999998
0.0019979999999999998
0.0019979999999999998
0.0019979999999999998
0.0019979999999999998
0.0019979999999999998
0.0019979999999999998
0.0019979999999999998
0.0019979999999999998
0.0019979999999999998
0.0019979999999999998
0.0019979999999999998
0.0019979999999999998
0.0019979999999999998
0.0019979999999999998
0.0019979999999999998
0.0019979999999999998
0.0019979999999999998
0.0019979999999999998
0.0019979999999999998
0.0019979999999999998
0.0019979999999999998
0.0019979999999999998
0.0019979999999999998
0.0019979999999999998
0.0019979999999999998
0.0019979999999999998
0.0019979999999999998
0.0019979999999999998
0.0019979999999999998
0.0019979999999999998
0.0019979999999999998
0.0019979999999999998
0.0019979999999999998
0.0019979999999999998
0.0019979999999999998
0.0019979999999999998
0.0019979999999999998
0.0019979999999999998
0.0019979999999999998
0.0019979999999999998
0.0019979999999999998
0.0019979999999999998
0.0019979999999999998
0.0019979999999999998
0.0019979999999999998
0.0019979999999999998
0.0019979999999999998
0.0019979999999999998
0.0019979999999999998
0.0019979999999999998
0.0019979999999999998
0.0019979999999999998
0.0019979999999999998
0.0019979999999999998
0.0019979999999999998
0.0019979999999999998
0.0019979999999999998
0.0019979999999999998
0.0019979999999999998
0.0019979999999999998
0.0019979999999999998
0.0019979999999999998
0.0019979999999999998
0.0019979999999999998
0.0019979999999999998
0.0019979999999999998
0.0019979999999999998
0.0019979999999999998
0.0019979999999999998
0.0019979999999999998
0.0019979999999999998
0.0019979999999999998
0.0019979999999999998
0.0019979999999999998
0.0019979999999999998
0.0019979999999999998
0.0019979999999999998
0.0019979999999999998
0.0019979999999999998
0.0019979999999999998
0.0019979999999999998
0.0019979999999999998
0.0019979999999999998
0.0019979999999999998
0.0019979999999999998
0.0019979999999999998
0.0019979999999999998
0.0019979999999999998
0.0019979999999999998
0.0019979999999999998
0.0019979999999999998
0.0019979999999999998
0.0019979999999999998
0.0019979999999999998
0.0019979999999999998
0.0019979999999999998
0.0019979999999999998
0.0019979999999999998
0.0019979999999999998
0.0019979999999999998
0.0019979999999999998
0.0019979999999999998
0.0019979999999999998
0.0019979999999999998
0.0019979999999999998
0.0019979999999999998
0.0019979999999999998
0.0019979999999999998
0.0019979999999999998
0.0019979999999999998
0.0019979999999999998
0.0019979999999999998
0.0019979999999999998
0.0019979999999999998
0.0019979999999999998
0.0019979999999999998
0.0019979999999999998
0.0019979999999999998
0.0019979999999999998
0.0019979999999999998
0.0019979999999999998
0.0019979999999999998
0.0019979999999999998
0.0019979999999999998
0.0019979999999999998
0.0019979999999999998
0.0019979999999999998
0.0019979999999999998
0.0019979999999999998
0.0019979999999999998
0.0019979999999999998
0.0019979999999999998
0.0019979999999999998
0.0019979999999999998
0.0019979999999999998
0.0019979999999999998
0.0019979999999999998
0.0019979999999999998
0.0019979999999999998
0.0019979999999999998
0.0019979999999999998
0.0019979999999999998
0.0019979999999999998
0.0019979999999999998
0.0019979999999999998
0.0019979999999999998
0.0019979999999999998
0.0019979999999999998
0.0019979999999999998
0.0019979999999999998
0.0019979999999999998
0.0019979999999999998
0.0019979999999999998
0.0019979999999999998
0.0019979999999999998
0.0019979999999999998
0.0019979999999999998
0.0019979999999999998
0.0019979999999999998
0.0019979999999999998
0.0019979999999999998
0.0019979999999999998
0.0019979999999999998
0.0019979999999999998
0.0019979999999999998
0.0019979999999999998
0.0019979999999999998
0.0019979999999999998
0.0019979999999999998
0.0019979999999999998
0.0019979999999999998
0.0019979999999999998
0.0019979999999999998
0.0019979999999999998
0.0019979999999999998
0.0019979999999999998
0.0019979999999999998
0.0019979999999999998
0.0019979999999999998
0.0019979999999999998
0.0019979999999999998
0.0019979999999999998
0.0019979999999999998
0.0019979999999999998
0.0019979999999999998
0.0019979999999999998
0.0019979999999999998
0.0019979999999999998
0.0019979999999999998
0.0019979999999999998
0.0019979999999999998
0.0019979999999999998
0.0019979999999999998
0.0019979999999999998
0.0019979999999999998
0.0019979999999999998
0.0019979999999999998
0.0019979999999999998
0.0019979999999999998
0.0019979999999999998
0.0019979999999999998
0.0019979999999999998
0.0019979999999999998
0.0019979999999999998
0.0019979999999999998
0.0019979999999999998
0.0019979999999999998
0.0019979999999999998
0.0019979999999999998
0.0019979999999999998
0.0019979999999999998
0.0019979999999999998
0.0019979999999999998
0.0019979999999999998
0.0019979999999999998
0.0019979999999999998
0.0019979999999999998
0.0019979999999999998
0.0019979999999999998
0.0019979999999999998
0.0019979999999999998
0.0019979999999999998
0.0019979999999999998
0.0019979999999999998
0.0019979999999999998
0.0019979999999999998
0.0019979999999999998
0.0019979999999999998
0.0019979999999999998
0.0019979999999999998
0.0019979999999999998
0.0019979999999999998
0.0019979999999999998
0.0019979999999999998
0.0019979999999999998
0.0019979999999999998
0.0019979999999999998
0.0019979999999999998
0.0019979999999999998
0.0019979999999999998
0.0019979999999999998
0.0019979999999999998
0.0019979999999999998
0.0019979999999999998
0.0019979999999999998
0.0019979999999999998
0.0019979999999999998
0.0019979999999999998
0.0019979999999999998
0.0019979999999999998
0.0019979999999999998
0.0019979999999999998
0.0019979999999999998
0.0019979999999999998
0.0019979999999999998
0.0019979999999999998
0.0019979999999999998
0.0019979999999999998
0.0019979999999999998
0.0019979999999999998
0.0019979999999999998
0.0019979999999999998
0.0019979999999999998
0.0019979999999999998
0.0019979999999999998
0.0019979999999999998
0.0019979999999999998
0.0019979999999999998
0.0019979999999999998
0.0019979999999999998
0.0019979999999999998
0.0019979999999999998
0.0019979999999999998
0.0019979999999999998
0.0019979999999999998
0.0019979999999999998
0.0019979999999999998
0.0019979999999999998
0.0019979999999999998
0.0019979999999999998
0.0019979999999999998
0.0019979999999999998
0.0019979999999999998
0.0019979999999999998
0.0019979999999999998
0.0019979999999999998
0.0019979999999999998
0.0019979999999999998
0.0019979999999999998
0.0019979999999999998
0.0019979999999999998
0.0019979999999999998
0.0019979999999999998
0.0019979999999999998
0.0019979999999999998
0.0019979999999999998
0.0019979999999999998
0.0019979999999999998
0.0019979999999999998
0.0019979999999999998
0.0019979999999999998
0.0019979999999999998
0.0019979999999999998
0.0019979999999999998
0.0019979999999999998
0.0019979999999999998
0.0019979999999999998
0.0019979999999999998
0.0019979999999999998
0.0019979999999999998
0.0019979999999999998
0.0019979999999999998
0.0019979999999999998
0.0019979999999999998
0.0019979999999999998
0.0019979999999999998
0.0019979999999999998
0.0019979999999999998
0.0019979999999999998
0.0019979999999999998
0.0019979999999999998
0.0019979999999999998
0.0019979999999999998
0.0019979999999999998
0.0019979999999999998
0.0019979999999999998
0.0019979999999999998
0.0019979999999999998
0.0019979999999999998
0.002
0.002
0.002
0.002
0.002002
0.002002
0.00201
0.002012
0.0020859999999999997
0.0021119999999999997
0.002372
0.002646
0.0029259999999999998
0.0030399999999999997
0.003054
0.003224
0.0033039999999999996
0.003528
0.00361
0.0036119999999999998
0.003632
0.0037719999999999997
0.0039239999999999995
0.00394
0.003946
0.003948
0.003964
0.003966
0.003966
0.003968
0.003968
0.00397
0.003972
0.003972
0.003972
0.003974
0.003974
0.003974
0.003974
0.0039759999999999995
0.0039759999999999995
0.0039759999999999995
0.0039759999999999995
0.003978
0.003978
0.003978
0.003978
0.003978
0.00398
0.00398
0.00398
0.00398
0.003981999999999999
0.003981999999999999
0.003981999999999999
0.003981999999999999
0.003981999999999999
0.003981999999999999
0.003981999999999999
0.003981999999999999
0.003984
0.003984
0.003984
0.003984
0.003984
0.003984
0.003984
0.003984
0.003984
0.003984
0.003984
0.003986
0.003986
0.003986
0.003986
0.003986
0.003986
0.003986
0.003986
0.003986
0.003986
0.003986
0.003986
0.003986
0.003986
0.003986
0.003986
0.003988
0.003988
0.003988
0.003988
0.003988
0.003988
0.003988
0.003988
0.003988
0.003988
0.003988
0.003988
0.003988
0.003988
0.003988
0.003988
0.003988
0.003988
0.003988
0.003988
0.00399
0.00399
0.00399
0.00399
0.00399
0.00399
0.00399
0.00399
0.00399
0.00399
0.00399
0.00399
0.00399
0.00399
0.00399
0.00399
0.00399
0.00399
0.00399
0.00399
0.00399
0.00399
0.00399
0.00399
0.00399
0.00399
0.00399
0.00399
0.00399
0.00399
0.00399
0.00399
0.00399
0.00399
0.00399
0.00399
0.00399
0.00399
0.00399
0.00399
0.00399
0.00399
0.00399
0.00399
0.00399
0.003992
0.003992
0.003992
0.003992
0.003992
0.003992
0.003992
0.003992
0.003992
0.003992
0.003992
0.003992
0.003992
0.003992
0.003992
0.003992
0.003992
0.003992
0.003992
0.003992
0.003992
0.003992
0.003992
0.003992
0.003992
0.00406
0.004182
0.004418
0.004742
0.004944
0.005292
0.005312
0.005408
0.005768
0.00579
0.0058379999999999994
0.00584
0.005872
0.0059099999999999995
0.005934
0.005944
0.005944
0.005952
0.005954
0.005954
0.005954
0.0059559999999999995
0.0059559999999999995
0.0059559999999999995
0.00596
0.005961999999999999
0.005961999999999999
0.005961999999999999
0.005964
0.005966
0.005967999999999999
0.005967999999999999
0.00597
0.00597
0.00597
0.005972
0.005972
0.005972
0.005972
0.005974
0.005974
0.005974
0.0059759999999999995
0.0059759999999999995
0.0059759999999999995
0.0059759999999999995
0.005978
0.005978
0.005978
0.005978
0.005978
0.005978
0.005978
0.00598
0.00598
0.00598
0.00598
0.00598
0.00598
0.00598
0.00598
0.0059819999999999995
0.0059819999999999995
0.0059819999999999995
0.0059819999999999995
0.006137999999999999
0.006261999999999999
0.00647
0.006572
0.006578
0.006854
0.007652
0.007914
0.007936
0.00794
0.007946
0.007948
0.00795
0.007954
0.007954
0.007958
0.00796
0.007962
0.007963999999999999
0.007965999999999999
0.007965999999999999
0.007968
0.008527999999999999
0.008931999999999999
0.00911
0.009476
0.00975
0.009842
0.009844
0.009882
0.009899999999999999
0.009914
0.009922
0.009925999999999999
0.009944
0.009944
0.009946
0.009948
0.009948
0.010813999999999999
0.011394
0.01155
0.011752
0.011752
0.01189
0.011897999999999999
0.011899999999999999
0.011904
0.011909999999999999
0.011918
0.011922
0.011928
0.012534
0.013484
0.013857999999999999
0.013859999999999999
0.013868
0.013885999999999999
0.013897999999999999
0.01513
0.015332
0.015822
0.015848
0.016732
0.016867999999999998
0.016912
0.017782
0.017786
0.017825999999999998
0.017828
0.018126
0.019568
0.019624
0.019639999999999998
0.021106
0.021602
0.021716
0.021942
0.023096
0.024981999999999997
0.025377999999999998
0.027152
0.031446
0.03522
0.037031999999999995
0.038234
0.038416
0.039096
0.041319999999999996
0.056861999999999996
0.062046
0.078926
0.09350599999999999
0.095998
0.15750599999999998
