0.0
0.0
0.0
0.0
0.0
0.0
0.0
0.0
0.0
0.0
0.0
0.0
0.0
0.0
0.0
0.0
0.0
0.0
0.0
0.0
0.0
0.0
0.0
0.0
0.0
0.0
0.0
0.0
0.0
0.0
0.0
0.0
0.0
0.0
0.0
0.0
0.0
0.0
0.0
0.0
0.0
0.0
0.0
0.0
0.0
0.0
0.0
0.0
0.0
0.0
0.0
0.0
0.0
0.0
0.0
0.0
0.0
0.0
0.0
0.0
0.0
0.0
0.0
0.0
0.0
0.0
0.0
0.0
0.0
0.0
0.0
0.0
0.0
0.0
0.0
0.0
0.0
0.0
0.0
0.0
0.0
0.0
0.0
0.0
0.0
0.0
0.0
0.0
0.0
0.0
0.0
0.0
0.0
0.0
0.0
0.0
0.0
0.0
0.0
0.0
0.0
0.0
0.0
0.0
0.0
0.0
0.0
0.0
0.0
0.0
0.0
0.0
0.0
0.0
0.0
0.0
0.0
0.0
0.0
0.0
0.0
0.0
0.0
0.0
0.0
0.0
0.0
0.0
0.0
0.0
0.0
0.0
0.0
0.0
0.0
0.0
0.0
0.0
0.0
0.0
0.0
0.0
0.0
0.0
0.0
0.0
0.0
0.0
0.0
0.0
0.0
0.0
0.0
0.0
0.0
0.0
0.0
0.0
0.0
0.0
0.0
0.0
0.0
0.0
0.0
0.0
0.0
0.0
0.0
0.0
0.0
0.0
0.0
0.0
0.0
0.0
0.0
0.0
0.0
0.0
0.0
0.0
0.0
0.0
0.0
0.0
0.0
0.0
0.0
0.0
0.0
0.0
0.0
0.0
0.0
0.0
0.0
0.0
0.0
0.0
0.0
0.0
0.0
0.0
0.0
0.0
0.0
0.0
0.0
0.0
0.0
0.0
0.0
0.0
0.0
0.0
0.0
0.0
0.0
0.0
0.0
0.0
0.0
0.0
0.0
0.0
0.0
0.0
0.0
0.0
0.0
0.0
0.0
0.0
0.0
0.0
0.0
0.0
0.0
0.0
0.0
0.0
0.0
0.0
0.0
0.0
0.0
0.0
0.0
0.0
0.0
0.0
0.0
0.0
0.0
0.0
0.0
0.0
0.0
0.0
0.0
0.0
0.0
0.0
0.0
0.0
0.0
0.0
0.0
0.0
0.0
0.0
0.0
0.0
0.0
0.0
0.0
0.0
0.0
0.0
0.0
0.0
0.0
0.0
0.0
0.0
0.0
0.0
0.0
0.0
0.0
0.0
0.0
0.0
0.0
0.0
0.0
0.0
0.0
0.0
0.0
0.0
0.0
0.0
0.0
0.0
0.0
0.0
0.0
0.0
0.0
0.0
0.0
0.0
0.0
0.0
0.0
0.0
0.0
0.0
0.0
0.0
0.0
0.0
0.0
0.0
0.0
0.0
0.0
0.0
0.0
0.0
0.0
0.0
0.0
0.0
0.0
0.0
0.0
0.0
0.0
0.0
0.0
0.0
0.0
0.0
0.0
0.0
0.0
0.0
0.0
0.0
0.0
0.0
0.0
0.0
0.0
0.0
0.0
0.0
0.0
0.0
0.0
0.0
0.0
0.0
0.0
0.0
0.0
0.0
0.0
0.0
0.0
0.0
0.0
0.0
0.0
0.0
0.0
0.0
0.0
0.0
0.0
0.0
0.0
0.0
0.0
0.0
0.0
0.0
0.0
0.0
0.0
0.0
0.0
0.0
0.0
0.0
0.0
0.0
0.0
0.0
0.0
0.0
0.0
0.0
0.0
0.0
0.0
0.0
0.0
0.0
0.0
0.0
0.0
0.0
0.0
0.0
0.0
0.0
0.0
0.0
0.0
0.0
0.0
0.0
0.0
0.0
0.0
0.0
0.0
0.0
0.0
0.0
0.0
0.0
0.0
0.0
0.0
0.0
0.0
0.0
0.0
0.0
0.0
0.0
0.0
0.0
0.0
0.0
0.0
0.0
0.0
0.0
0.0
0.0
0.0
0.0
0.0
0.0
0.0
0.0
0.0
0.0
0.0
0.0
0.0
0.0
0.0
0.0
0.0
0.0
0.0
0.0
0.0
0.0
0.0
0.0
0.0
0.0
0.0
0.0
0.0
0.0
0.0
0.0
0.0
0.0
0.0
0.0
0.0
0.0
0.0
0.0
0.0
0.0
0.0
0.0
0.0
0.0
0.0
0.0
0.0
0.0
0.0
0.0
0.0
0.0
0.0
0.0
0.0
0.0
0.0
0.0
0.0
0.0
0.0
0.0
0.0
0.0
0.0
0.0
0.0
0.0
0.0
0.0
0.0
0.0
0.0
0.0
0.0
0.0
0.0
0.0
0.0
0.0
0.0
0.0
0.0
0.0
0.0
0.0
0.0
0.0
0.0
0.0
0.0
0.0
0.0
0.0
0.0
0.0
0.0
0.0
0.0
0.0
0.0
0.0
0.0
0.0
0.0
0.0
0.0
0.0
0.0
0.0
0.0
0.0
2.0E-6
2.0E-6
2.0E-6
2.0E-6
2.0E-6
2.0E-6
2.0E-6
2.0E-6
2.0E-6
2.0E-6
2.0E-6
2.0E-6
2.0E-6
2.0E-6
2.0E-6
2.0E-6
2.0E-6
2.0E-6
2.0E-6
2.0E-6
2.0E-6
2.0E-6
2.0E-6
2.0E-6
2.0E-6
2.0E-6
2.0E-6
2.0E-6
2.0E-6
2.0E-6
2.0E-6
2.0E-6
2.0E-6
2.0E-6
2.0E-6
2.0E-6
2.0E-6
2.0E-6
2.0E-6
2.0E-6
2.0E-6
2.0E-6
2.0E-6
2.0E-6
2.0E-6
2.0E-6
2.0E-6
2.0E-6
2.0E-6
2.0E-6
2.0E-6
2.0E-6
2.0E-6
2.0E-6
2.0E-6
2.0E-6
2.0E-6
2.0E-6
2.0E-6
2.0E-6
2.0E-6
2.0E-6
2.0E-6
2.0E-6
2.0E-6
2.0E-6
2.0E-6
2.0E-6
2.0E-6
2.0E-6
2.0E-6
2.0E-6
2.0E-6
2.0E-6
2.0E-6
2.0E-6
2.0E-6
2.0E-6
4.0E-6
4.0E-6
4.0E-6
4.0E-6
4.0E-6
4.0E-6
4.0E-6
4.0E-6
4.0E-6
4.0E-6
4.0E-6
4.0E-6
4.0E-6
4.0E-6
4.0E-6
4.0E-6
4.0E-6
4.0E-6
4.0E-6
4.0E-6
4.0E-6
4.0E-6
4.0E-6
4.0E-6
4.0E-6
4.0E-6
4.0E-6
4.0E-6
4.0E-6
4.0E-6
4.0E-6
4.0E-6
4.0E-6
4.0E-6
4.0E-6
4.0E-6
4.0E-6
4.0E-6
4.0E-6
4.0E-6
4.0E-6
4.0E-6
4.0E-6
4.0E-6
4.0E-6
4.0E-6
4.0E-6
4.0E-6
4.0E-6
4.0E-6
4.0E-6
4.0E-6
4.0E-6
4.0E-6
6.0E-6
6.0E-6
6.0E-6
6.0E-6
6.0E-6
6.0E-6
6.0E-6
6.0E-6
6.0E-6
6.0E-6
6.0E-6
6.0E-6
6.0E-6
6.0E-6
6.0E-6
6.0E-6
6.0E-6
8.0E-6
8.0E-6
8.0E-6
8.0E-6
8.0E-6
8.0E-6
8.0E-6
8.0E-6
8.0E-6
8.0E-6
8.0E-6
8.0E-6
8.0E-6
8.0E-6
8.0E-6
8.0E-6
8.0E-6
8.0E-6
8.0E-6
8.0E-6
8.0E-6
8.0E-6
8.0E-6
8.0E-6
8.0E-6
9.999999999999999E-6
9.999999999999999E-6
9.999999999999999E-6
9.999999999999999E-6
9.999999999999999E-6
9.999999999999999E-6
1.2E-5
1.2E-5
1.2E-5
1.2E-5
1.2E-5
1.2E-5
1.2E-5
1.2E-5
1.2E-5
1.4E-5
1.4E-5
1.4E-5
1.6E-5
1.6E-5
1.6E-5
1.6E-5
1.6E-5
1.6E-5
1.6E-5
1.6E-5
1.6E-5
1.6E-5
1.6E-5
1.6E-5
1.6E-5
1.8E-5
1.9999999999999998E-5
1.9999999999999998E-5
1.9999999999999998E-5
1.9999999999999998E-5
1.9999999999999998E-5
1.9999999999999998E-5
2.2E-5
2.4E-5
2.4E-5
2.4E-5
2.4E-5
2.4E-5
2.6E-5
2.6E-5
2.6E-5
2.8E-5
2.8E-5
2.8E-5
2.8E-5
2.9999999999999997E-5
3.2E-5
3.4E-5
3.4E-5
3.6E-5
3.6E-5
3.7999999999999995E-5
3.9999999999999996E-5
4.2E-5
4.2E-5
4.6E-5
4.6E-5
4.8E-5
4.8E-5
4.9999999999999996E-5
5.2E-5
5.2E-5
5.4E-5
5.4E-5
5.6E-5
5.6E-5
5.6E-5
5.6E-5
5.6E-5
5.8E-5
5.9999999999999995E-5
6.599999999999999E-5
6.599999999999999E-5
6.8E-5
7.0E-5
7.2E-5
7.2E-5
7.2E-5
7.999999999999999E-5
7.999999999999999E-5
8.2E-5
8.4E-5
8.4E-5
8.8E-5
9.2E-5
9.6E-5
1.12E-4
1.12E-4
1.26E-4
1.54E-4
1.5999999999999999E-4
1.7199999999999998E-4
1.94E-4
2.04E-4
2.0999999999999998E-4
2.1799999999999999E-4
2.1999999999999998E-4
2.26E-4
2.34E-4
2.36E-4
2.6E-4
2.6399999999999997E-4
2.98E-4
3.0E-4
3.2399999999999996E-4
3.34E-4
3.36E-4
3.36E-4
3.36E-4
3.3999999999999997E-4
3.5E-4
3.52E-4
3.84E-4
3.84E-4
4.32E-4
4.54E-4
4.88E-4
5.279999999999999E-4
5.679999999999999E-4
5.78E-4
6.0E-4
6.439999999999999E-4
6.72E-4
6.979999999999999E-4
7.1E-4
7.34E-4
7.599999999999999E-4
7.84E-4
7.98E-4
7.999999999999999E-4
8.1E-4
8.34E-4
0.001006
0.00101
0.001188
0.0013959999999999999
0.001428
0.001542
0.001586
0.001656
0.0016619999999999998
0.00173
0.0017519999999999999
0.0017699999999999999
0.001772
0.0017859999999999998
0.001802
0.0018239999999999999
0.0018419999999999999
0.001878
0.0019119999999999999
0.001914
0.001924
0.0019279999999999998
0.0019299999999999999
0.0019299999999999999
0.001934
0.0019379999999999998
0.0019399999999999999
0.001944
0.001944
0.0019459999999999998
0.00195
0.001958
0.001958
0.00196
0.0019619999999999998
0.0019619999999999998
0.00197
0.00197
0.00197
0.001972
0.001972
0.001972
0.001972
0.001974
0.001976
0.0019779999999999997
0.00198
0.00198
0.00198
0.00198
0.00198
0.00198
0.00198
0.00198
0.001982
0.001982
0.001982
0.001982
0.001982
0.001984
0.001984
0.001984
0.001984
0.001984
0.001984
0.001984
0.001984
0.001984
0.001986
0.001986
0.001986
0.001986
0.001986
0.001986
0.001986
0.0019879999999999997
0.0019879999999999997
0.0019879999999999997
0.0019879999999999997
0.0019879999999999997
0.0019879999999999997
0.0019879999999999997
0.0019879999999999997
0.0019879999999999997
0.0019879999999999997
0.0019879999999999997
0.0019879999999999997
0.0019879999999999997
0.0019879999999999997
0.0019879999999999997
0.0019879999999999997
0.0019879999999999997
0.00199
0.00199
0.00199
0.00199
0.00199
0.00199
0.00199
0.00199
0.00199
0.00199
0.00199
0.00199
0.00199
0.00199
0.00199
0.00199
0.00199
0.00199
0.001992
0.001992
0.001992
0.001992
0.001992
0.001992
0.001992
0.001992
0.001992
0.001992
0.001992
0.001992
0.001992
0.001992
0.001992
0.001992
0.001992
0.001992
0.001992
0.001992
0.001992
0.001992
0.001992
0.001992
0.001992
0.001992
0.001992
0.001992
0.001992
0.001992
0.001992
0.001992
0.001992
0.001992
0.001992
0.001992
0.001992
0.001992
0.001992
0.001992
0.001992
0.001992
0.001992
0.001992
0.001992
0.001992
0.001992
0.001992
0.001992
0.001992
0.001992
0.001992
0.001992
0.001992
0.001992
0.001992
0.001992
0.001992
0.001994
0.001994
0.001994
0.001994
0.001994
0.001994
0.001994
0.001994
0.001994
0.001994
0.001994
0.001994
0.001994
0.001994
0.001994
0.001994
0.001994
0.001994
0.001994
0.001994
0.001994
0.001994
0.001994
0.001994
0.001994
0.001994
0.001994
0.001994
0.001994
0.001994
0.001994
0.001994
0.001994
0.001994
0.001994
0.001994
0.001994
0.001994
0.001994
0.001994
0.001994
0.001994
0.001994
0.001994
0.001994
0.001994
0.001994
0.001994
0.001994
0.001994
0.001994
0.001994
0.001994
0.001994
0.001994
0.001994
0.001994
0.001994
0.001994
0.001994
0.001994
0.001994
0.001994
0.001994
0.001994
0.001994
0.001994
0.001994
0.001994
0.001994
0.001994
0.001994
0.001994
0.001994
0.001994
0.001994
0.001994
0.001994
0.001994
0.001994
0.001994
0.001994
0.001994
0.001994
0.001994
0.001994
0.001994
0.001994
0.001994
0.001994
0.001994
0.001994
0.001994
0.001994
0.001994
0.001994
0.001994
0.001994
0.001994
0.001994
0.001994
0.001994
0.001994
0.001994
0.001994
0.001994
0.001994
0.001994
0.001994
0.001994
0.001994
0.001994
0.001994
0.001994
0.001994
0.001994
0.001994
0.001994
0.001994
0.001994
0.001994
0.001994
0.001994
0.001994
0.001994
0.001994
0.001994
0.001994
0.001994
0.001994
0.001996
0.001996
0.001996
0.001996
0.001996
0.001996
0.001996
0.001996
0.001996
0.001996
0.001996
0.001996
0.001996
0.001996
0.001996
0.001996
0.001996
0.001996
0.001996
0.001996
0.001996
0.001996
0.001996
0.001996
0.001996
0.001996
0.001996
0.001996
0.001996
0.001996
0.001996
0.001996
0.001996
0.001996
0.001996
0.001996
0.001996
0.001996
0.001996
0.001996
0.001996
0.001996
0.001996
0.001996
0.001996
0.001996
0.001996
0.001996
0.001996
0.001996
0.001996
0.001996
0.001996
0.001996
0.001996
0.001996
0.001996
0.001996
0.001996
0.001996
0.001996
0.001996
0.001996
0.001996
0.001996
0.001996
0.001996
0.001996
0.001996
0.001996
0.001996
0.001996
0.001996
0.001996
0.001996
0.001996
0.001996
0.001996
0.001996
0.001996
0.001996
0.001996
0.001996
0.001996
0.001996
0.001996
0.001996
0.001996
0.001996
0.001996
0.001996
0.001996
0.001996
0.001996
0.001996
0.001996
0.001996
0.001996
0.001996
0.001996
0.001996
0.001996
0.001996
0.001996
0.001996
0.001996
0.001996
0.001996
0.001996
0.001996
0.001996
0.001996
0.001996
0.001996
0.001996
0.001996
0.001996
0.001996
0.001996
0.001996
0.001996
0.001996
0.001996
0.001996
0.001996
0.001996
0.001996
0.001996
0.001996
0.001996
0.001996
0.001996
0.001996
0.001996
0.001996
0.001996
0.001996
0.001996
0.001996
0.001996
0.001996
0.001996
0.001996
0.001996
0.001996
0.001996
0.001996
0.001996
0.001996
0.001996
0.001996
0.001996
0.001996
0.001996
0.001996
0.001996
0.001996
0.001996
0.001996
0.001996
0.001996
0.001996
0.001996
0.001996
0.001996
0.001996
0.001996
0.001996
0.001996
0.001996
0.001996
0.001996
0.001996
0.001996
0.001996
0.001996
0.001996
0.001996
0.001996
0.001996
0.001996
0.001996
0.001996
0.001996
0.001996
0.001996
0.001996
0.001996
0.001996
0.001996
0.001996
0.001996
0.001996
0.001996
0.001996
0.001996
0.001996
0.001996
0.001996
0.001996
0.001996
0.001996
0.001996
0.001996
0.001996
0.001996
0.001996
0.001996
0.001996
0.001996
0.001996
0.001996
0.001996
0.001996
0.001996
0.001996
0.001996
0.001996
0.001996
0.001996
0.001996
0.001996
0.001996
0.001996
0.001996
0.001996
0.001996
0.001996
0.001996
0.001996
0.001996
0.001996
0.001996
0.001996
0.001996
0.001996
0.001996
0.001996
0.001996
0.001996
0.001996
0.001996
0.001996
0.001996
0.001996
0.001996
0.001996
0.001996
0.001996
0.001996
0.001996
0.001996
0.001996
0.001996
0.001996
0.001996
0.001996
0.001996
0.001996
0.001996
0.001996
0.001996
0.001996
0.001996
0.001996
0.001996
0.001996
0.001996
0.001996
0.001996
0.001996
0.001996
0.001996
0.001996
0.001996
0.001996
0.001996
0.001996
0.001996
0.001996
0.001996
0.001996
0.001996
0.001996
0.001996
0.001996
0.001996
0.001996
0.001996
0.001996
0.001996
0.001996
0.001996
0.001996
0.001996
0.001996
0.001996
0.001996
0.001996
0.001996
0.001996
0.001996
0.001996
0.001996
0.001996
0.001996
0.001996
0.001996
0.001996
0.001996
0.001996
0.001996
0.001996
0.001996
0.001996
0.001996
0.001996
0.001996
0.001996
0.001996
0.001996
0.001996
0.001996
0.001996
0.001996
0.001996
0.001996
0.001996
0.001996
0.001996
0.001996
0.001996
0.001996
0.001996
0.001996
0.001996
0.001996
0.001996
0.001996
0.001996
0.001996
0.001996
0.001996
0.001996
0.001996
0.001996
0.001996
0.001996
0.001996
0.001996
0.001996
0.001996
0.001996
0.001996
0.001996
0.0019979999999999998
0.002
0.002
0.002012
0.002012
0.0020139999999999997
0.0020239999999999998
0.002044
0.00218
0.002202
0.0023899999999999998
0.00241
0.0025919999999999997
0.0026639999999999997
0.003198
0.003388
0.003564
0.003632
0.003668
0.00375
0.0037819999999999998
0.0038199999999999996
0.0038239999999999997
0.0038439999999999998
0.003874
0.003888
0.003894
0.0038959999999999997
0.003932
0.003934
0.0039499999999999995
0.003954
0.0039559999999999994
0.00396
0.003962
0.003962
0.003962
0.003964
0.003964
0.003964
0.003964
0.003966
0.003966
0.003966
0.003966
0.003968
0.003968
0.00397
0.003972
0.003972
0.003972
0.003972
0.003972
0.003972
0.003974
0.003974
0.003974
0.0039759999999999995
0.0039759999999999995
0.0039759999999999995
0.0039759999999999995
0.003978
0.003978
0.003978
0.003978
0.003978
0.003978
0.003978
0.00398
0.00398
0.00398
0.00398
0.00398
0.00398
0.003981999999999999
0.003981999999999999
0.003981999999999999
0.003981999999999999
0.003981999999999999
0.003981999999999999
0.003981999999999999
0.003981999999999999
0.003981999999999999
0.003984
0.003984
0.003984
0.003984
0.003984
0.003984
0.003984
0.003984
0.003984
0.003984
0.003984
0.003984
0.003984
0.003984
0.003984
0.003984
0.003984
0.003984
0.003984
0.003984
0.003984
0.003984
0.003984
0.003984
0.003984
0.003984
0.003984
0.003984
0.003984
0.003984
0.003984
0.003984
0.003984
0.003984
0.003984
0.003986
0.003986
0.003986
0.003986
0.003986
0.003986
0.003986
0.003986
0.003986
0.003986
0.003986
0.003986
0.003986
0.003986
0.003986
0.003986
0.003986
0.003986
0.003986
0.003986
0.003986
0.003986
0.003986
0.003986
0.003986
0.003986
0.003986
0.003986
0.003986
0.003986
0.003986
0.003986
0.003986
0.003986
0.003986
0.003986
0.003988
0.003988
0.003988
0.003988
0.003988
0.003988
0.003988
0.003988
0.003988
0.003988
0.003988
0.003988
0.003988
0.003988
0.003988
0.003988
0.003988
0.003988
0.003988
0.003988
0.003988
0.003988
0.003988
0.003988
0.003988
0.003988
0.003988
0.003988
0.003988
0.00399
0.004
0.004007999999999999
0.004396
0.004484
0.004672
0.005412
0.00568
0.00569
0.0058779999999999995
0.005888
0.00592
0.005932
0.0059359999999999994
0.0059499999999999996
0.005952
0.005954
0.0059559999999999995
0.0059559999999999995
0.005958
0.00596
0.00596
0.005961999999999999
0.005966
0.005966
0.005966
0.005966
0.005966
0.005967999999999999
0.005967999999999999
0.005967999999999999
0.00597
0.00597
0.00597
0.00597
0.00597
0.00597
0.005972
0.005972
0.005972
0.005972
0.005972
0.005972
0.005972
0.005972
0.005974
0.005974
0.0059759999999999995
0.0059759999999999995
0.0059759999999999995
0.0059759999999999995
0.0059759999999999995
0.0059759999999999995
0.0059759999999999995
0.006226
0.0063
0.006402
0.0070339999999999995
0.007281999999999999
0.007558
0.007685999999999999
0.0076879999999999995
0.0077139999999999995
0.007745999999999999
0.007824
0.007862
0.007894
0.007894
0.007898
0.007911999999999999
0.007916
0.007922
0.00793
0.007932
0.007934
0.007936
0.007936
0.00794
0.007942
0.007942
0.007946
0.007946
0.007948
0.00795
0.00795
0.007951999999999999
0.007954
0.007954
0.007954
0.007954
0.008912
0.00911
0.009602
0.009606
0.009674
0.009804
0.009814
0.009856
0.009892
0.009897999999999999
0.009906
0.009911999999999999
0.009925999999999999
0.009932
0.009934
0.009936
0.009937999999999999
0.009998
0.010358
0.011116
0.01172
0.011819999999999999
0.011831999999999999
0.011843999999999999
0.011868
0.011878
0.011899999999999999
0.011902
0.011908
0.011908
0.011984
0.01243
0.013294
0.013347999999999999
0.013777999999999999
0.013788
0.01379
0.013798
0.013798
0.013826
0.014587999999999999
0.014738
0.015437999999999999
0.015444
0.015503999999999999
0.015578
0.015818
0.01728
0.017745999999999998
0.018978
0.019053999999999998
0.019214
0.019296
0.019726
0.021245999999999998
0.021286
0.021352
0.021466
0.022224
0.022652
0.022893999999999998
0.02316
0.025064
0.026487999999999998
0.026889999999999997
0.032619999999999996
0.033108
0.033742
0.034178
0.035448
0.036788
0.037121999999999995
0.037832
0.038669999999999996
0.039993999999999995
0.040619999999999996
0.041366
0.0499
0.052773999999999995
0.055355999999999995
0.058255999999999995
0.071908
0.082104
0.099032
0.12107599999999999
0.16766399999999998
0.16901
0.179512
0.308034
