0	753	1
1	627	1
2	592	1
3	636	1
4	443	1
5	991	1
6	854	1
7	517	1
8	999	1
9	971	1
10	782	1
11	894	1
12	579	1
13	574	1
14	970	1
15	768	1
16	768	1
17	989	1
18	917	1
19	886	1
20	991	1
21	672	1
22	706	1
23	903	1
24	964	1
25	931	1
26	573	1
27	911	1
28	491	1
29	734	1
30	823	1
31	864	1
32	546	1
33	935	1
34	636	1
35	678	1
36	571	1
37	1000	1
38	448	1
39	533	1
40	942	1
41	551	1
42	745	1
43	760	1
44	914	1
45	608	1
46	650	1
47	470	1
48	640	1
49	785	1
50	566	1
51	967	1
52	998	1
53	595	1
54	960	1
55	56	1
56	629	1
57	998	1
58	621	1
59	945	1
60	896	1
61	642	1
62	639	1
63	763	1
64	955	1
65	830	1
66	761	1
67	539	1
68	641	1
69	917	1
70	618	1
71	1000	1
72	742	1
73	720	1
74	973	1
75	719	1
76	990	1
77	672	1
78	995	1
79	738	1
80	610	1
81	675	1
82	816	1
83	717	1
84	640	1
85	977	1
86	762	1
87	546	1
88	700	1
89	922	1
90	881	1
91	596	1
92	703	1
93	618	1
94	751	1
95	960	1
96	188	1
97	616	1
98	585	1
99	763	1
100	997	1
101	883	1
102	629	1
103	879	1
104	618	1
105	621	1
106	901	1
107	789	1
108	704	1
109	669	1
110	844	1
111	718	1
112	65	1
113	704	1
114	954	1
115	714	1
116	996	1
117	506	1
118	654	1
119	756	1
120	554	1
121	693	1
122	617	1
123	776	1
124	998	1
125	926	1
126	979	1
127	980	1
128	704	1
129	869	1
130	971	1
131	955	1
132	994	1
133	967	1
134	491	1
135	985	1
136	666	1
137	146	1
138	954	1
139	511	1
140	632	1
141	821	1
142	608	1
143	878	1
144	788	1
145	468	1
146	986	1
147	993	1
148	884	1
149	494	1
150	591	1
151	804	1
152	627	1
153	902	1
154	977	1
155	612	1
156	864	1
157	945	1
158	759	1
159	595	1
160	1000	1
161	862	1
162	931	1
163	526	1
164	988	1
165	571	1
166	981	1
167	534	1
168	876	1
169	734	1
170	927	1
171	848	1
172	519	1
173	954	1
174	941	1
175	810	1
176	905	1
177	977	1
178	993	1
179	810	1
180	985	1
181	995	1
182	591	1
183	610	1
184	983	1
185	986	1
186	909	1
187	936	1
188	991	1
189	736	1
190	810	1
191	932	1
192	565	1
193	642	1
194	370	1
195	642	1
196	576	1
197	810	1
198	917	1
199	677	1
200	798	1
201	876	1
202	970	1
203	360	1
204	996	1
205	939	1
206	581	1
207	554	1
208	804	1
209	636	1
210	675	1
211	881	1
212	972	1
213	885	1
214	778	1
215	717	1
216	661	1
217	913	1
218	853	1
219	664	1
220	639	1
221	635	1
222	881	1
223	592	1
224	627	1
225	994	1
226	766	1
227	532	1
228	837	1
229	635	1
230	601	1
231	569	1
232	938	1
233	704	1
234	636	1
235	617	1
236	722	1
237	202	1
238	888	1
239	600	1
240	695	1
241	883	1
242	732	1
243	981	1
244	491	1
245	710	1
246	993	1
247	909	1
248	752	1
249	676	1
250	983	1
251	891	1
252	530	1
253	496	1
254	979	1
255	694	1
256	999	1
257	572	1
258	997	1
259	716	1
260	762	1
261	994	1
262	676	1
263	596	1
264	382	1
265	620	1
266	997	1
267	653	1
268	869	1
269	871	1
270	900	1
271	964	1
272	979	1
273	649	1
274	929	1
275	487	1
276	668	1
277	717	1
278	515	1
279	945	1
280	711	1
281	954	1
282	675	1
283	992	1
284	858	1
285	617	1
286	701	1
287	827	1
288	597	1
289	1000	1
290	1000	1
291	928	1
292	433	1
293	633	1
294	973	1
295	886	1
296	720	1
297	747	1
298	988	1
299	999	1
300	949	1
301	555	1
302	592	1
303	777	1
304	586	1
305	456	1
306	677	1
307	921	1
308	616	1
309	969	1
310	927	1
311	932	1
312	994	1
313	576	1
314	711	1
315	989	1
316	577	1
317	555	1
318	985	1
319	918	1
320	785	1
321	695	1
322	663	1
323	690	1
324	596	1
325	715	1
326	827	1
327	725	1
328	621	1
329	419	1
330	598	1
331	685	1
332	630	1
333	998	1
334	601	1
335	999	1
336	1000	1
337	999	1
338	787	1
339	683	1
340	604	1
341	949	1
342	638	1
343	508	1
344	689	1
345	480	1
346	844	1
347	475	1
348	616	1
349	812	1
350	274	1
351	791	1
352	996	1
353	998	1
354	883	1
355	977	1
356	789	1
357	811	1
358	758	1
359	758	1
360	954	1
361	900	1
362	688	1
363	887	1
364	578	1
365	808	1
366	594	1
367	646	1
368	925	1
369	642	1
370	555	1
371	992	1
372	594	1
373	624	1
374	636	1
375	514	1
376	943	1
377	518	1
378	790	1
379	465	1
380	644	1
381	935	1
382	882	1
383	582	1
384	586	1
385	622	1
386	704	1
387	998	1
388	965	1
389	531	1
390	752	1
391	697	1
392	958	1
393	613	1
394	961	1
395	672	1
396	590	1
397	809	1
398	685	1
399	701	1
400	349	1
401	926	1
402	995	1
403	975	1
404	975	1
405	564	1
406	210	1
407	342	1
408	898	1
409	938	1
410	696	1
411	689	1
412	929	1
413	625	1
414	702	1
415	463	1
416	687	1
417	945	1
418	811	1
419	954	1
420	719	1
421	994	1
422	542	1
423	584	1
424	917	1
425	686	1
426	638	1
427	395	1
428	962	1
429	672	1
430	695	1
431	714	1
432	915	1
433	707	1
434	614	1
435	855	1
436	541	1
437	283	1
438	468	1
439	866	1
440	901	1
441	998	1
442	725	1
443	815	1
444	886	1
445	526	1
446	993	1
447	823	1
448	997	1
449	995	1
450	810	1
451	969	1
452	838	1
453	568	1
454	832	1
455	646	1
456	849	1
457	457	1
458	772	1
459	846	1
460	817	1
461	586	1
462	917	1
463	685	1
464	69	1
465	767	1
466	1000	1
467	964	1
468	639	1
469	610	1
470	946	1
471	660	1
472	993	1
473	916	1
474	872	1
475	729	1
476	917	1
477	914	1
478	691	1
479	782	1
480	803	1
481	668	1
482	568	1
483	910	1
484	964	1
485	746	1
486	979	1
487	999	1
488	655	1
489	790	1
490	709	1
491	915	1
492	668	1
493	861	1
494	658	1
495	740	1
496	928	1
497	797	1
498	747	1
499	979	1
500	1000	1
501	588	1
502	566	1
503	190	1
504	843	1
505	852	1
506	995	1
507	584	1
508	817	1
509	833	1
510	720	1
511	534	1
512	810	1
513	473	1
514	722	1
515	906	1
516	996	1
517	969	1
518	883	1
519	936	1
520	770	1
521	964	1
522	994	1
523	598	1
524	754	1
525	994	1
526	951	1
527	977	1
528	702	1
529	984	1
530	753	1
531	992	1
532	739	1
533	961	1
534	932	1
535	792	1
536	750	1
537	894	1
538	897	1
539	568	1
540	987	1
541	944	1
542	555	1
543	914	1
544	938	1
545	640	1
546	999	1
547	896	1
548	641	1
549	966	1
550	685	1
551	925	1
552	997	1
553	839	1
554	665	1
555	626	1
556	255	1
557	839	1
558	790	1
559	681	1
560	840	1
561	434	1
562	339	1
563	818	1
564	700	1
565	595	1
566	740	1
567	891	1
568	811	1
569	998	1
570	725	1
571	977	1
572	945	1
573	1000	1
574	976	1
575	796	1
576	699	1
577	475	1
578	844	1
579	900	1
580	448	1
581	685	1
582	665	1
583	640	1
584	653	1
585	684	1
586	561	1
587	805	1
588	995	1
589	750	1
590	760	1
591	948	1
592	995	1
593	871	1
594	115	1
595	888	1
596	456	1
597	603	1
598	896	1
599	700	1
600	684	1
601	645	1
602	707	1
603	437	1
604	976	1
605	540	1
606	679	1
607	638	1
608	612	1
609	793	1
610	831	1
611	678	1
612	818	1
613	607	1
614	963	1
615	1000	1
616	994	1
617	969	1
618	561	1
619	825	1
620	627	1
621	970	1
622	870	1
623	947	1
624	642	1
625	625	1
626	967	1
627	771	1
628	902	1
629	984	1
630	580	1
631	933	1
632	962	1
633	985	1
634	611	1
635	650	1
636	951	1
637	594	1
638	964	1
639	603	1
640	452	1
641	685	1
642	971	1
643	784	1
644	677	1
645	907	1
646	808	1
647	694	1
648	877	1
649	669	1
650	691	1
651	1000	1
652	761	1
653	802	1
654	534	1
655	996	1
656	804	1
657	954	1
658	873	1
659	597	1
660	845	1
661	796	1
662	622	1
663	673	1
664	725	1
665	816	1
666	993	1
667	980	1
668	680	1
669	947	1
670	657	1
671	580	1
672	676	1
673	574	1
674	831	1
675	481	1
676	819	1
677	498	1
678	906	1
679	459	1
680	597	1
681	612	1
682	931	1
683	716	1
684	671	1
685	994	1
686	862	1
687	914	1
688	404	1
689	654	1
690	938	1
691	956	1
692	885	1
693	1000	1
694	856	1
695	650	1
696	952	1
697	995	1
698	955	1
699	806	1
700	898	1
701	638	1
702	603	1
703	918	1
704	906	1
705	539	1
706	932	1
707	975	1
708	587	1
709	650	1
710	1000	1
711	808	1
712	889	1
713	525	1
714	989	1
715	637	1
716	18	1
717	883	1
718	623	1
719	890	1
720	927	1
721	736	1
722	656	1
723	693	1
724	1000	1
725	1000	1
726	522	1
727	530	1
728	995	1
729	592	1
730	678	1
731	953	1
732	967	1
733	916	1
734	541	1
735	612	1
736	973	1
737	553	1
738	897	1
739	545	1
740	892	1
741	996	1
742	732	1
743	653	1
744	850	1
745	999	1
746	986	1
747	911	1
748	779	1
749	953	1
750	661	1
751	789	1
752	928	1
753	789	1
754	985	1
755	761	1
756	606	1
757	938	1
758	735	1
759	439	1
760	900	1
761	734	1
762	554	1
763	902	1
764	723	1
765	955	1
766	758	1
767	701	1
768	669	1
769	716	1
770	715	1
771	990	1
772	925	1
773	953	1
774	622	1
775	651	1
776	537	1
777	601	1
778	933	1
779	562	1
780	781	1
781	302	1
782	944	1
783	693	1
784	730	1
785	587	1
786	823	1
787	849	1
788	655	1
789	632	1
790	585	1
791	615	1
792	699	1
793	684	1
794	553	1
795	980	1
796	664	1
797	871	1
798	782	1
799	985	1
800	708	1
801	740	1
802	873	1
803	776	1
804	793	1
805	769	1
806	713	1
807	983	1
808	912	1
809	765	1
810	539	1
811	959	1
812	623	1
813	552	1
814	959	1
815	698	1
816	993	1
817	988	1
818	713	1
819	860	1
820	780	1
821	747	1
822	973	1
823	682	1
824	567	1
825	659	1
826	919	1
827	733	1
828	650	1
829	741	1
830	702	1
831	572	1
832	671	1
833	846	1
834	312	1
835	540	1
836	759	1
837	797	1
838	986	1
839	670	1
840	968	1
841	945	1
842	758	1
843	592	1
844	550	1
845	970	1
846	663	1
847	945	1
848	634	1
849	213	1
850	934	1
851	263	1
852	1000	1
853	496	1
854	927	1
855	658	1
856	1000	1
857	683	1
858	934	1
859	602	1
860	942	1
861	677	1
862	709	1
863	992	1
864	978	1
865	904	1
866	874	1
867	979	1
868	906	1
869	976	1
870	886	1
871	992	1
872	987	1
873	978	1
874	987	1
875	592	1
876	996	1
877	990	1
878	965	1
879	569	1
880	988	1
881	995	1
882	990	1
883	858	1
884	993	1
885	990	1
886	879	1
887	696	1
888	990	1
889	852	1
890	950	1
891	625	1
892	611	1
893	987	1
894	892	1
895	807	1
896	995	1
897	729	1
898	889	1
899	941	1
900	679	1
901	763	1
902	975	1
903	558	1
904	992	1
905	938	1
906	736	1
907	989	1
908	566	1
909	598	1
910	821	1
911	652	1
912	732	1
913	628	1
914	980	1
915	718	1
916	504	1
917	699	1
918	723	1
919	979	1
920	602	1
921	804	1
922	728	1
923	561	1
924	871	1
925	990	1
926	819	1
927	545	1
928	537	1
929	529	1
930	926	1
931	986	1
932	806	1
933	988	1
934	812	1
935	531	1
936	451	1
937	978	1
938	557	1
939	688	1
940	463	1
941	50	1
942	618	1
943	142	1
944	970	1
945	691	1
946	891	1
947	696	1
948	626	1
949	780	1
950	733	1
951	679	1
952	857	1
953	723	1
954	711	1
955	850	1
956	993	1
957	981	1
958	92	1
959	995	1
960	752	1
961	729	1
962	983	1
963	926	1
964	958	1
965	963	1
966	766	1
967	732	1
968	491	1
969	731	1
970	947	1
971	962	1
972	938	1
973	418	1
974	672	1
975	899	1
976	880	1
977	768	1
978	574	1
979	611	1
980	585	1
981	653	1
982	628	1
983	434	1
984	780	1
985	984	1
986	871	1
987	935	1
988	267	1
989	783	1
990	775	1
991	997	1
992	996	1
993	570	1
994	710	1
995	145	1
996	998	1
997	715	1
998	736	1
999	914	1
1000	897	1
1001	772	1
1002	1000	1
1003	925	1
1004	999	1
1005	653	1
1006	231	1
1007	981	1
1008	843	1
1009	625	1
1010	806	1
1011	678	1
1012	571	1
1013	446	1
1014	703	1
1015	884	1
1016	648	1
1017	779	1
1018	637	1
1019	818	1
1020	550	1
1021	264	1
1022	364	1
1023	999	1
1024	657	1
1025	844	1
1026	319	1
1027	390	1
1028	803	1
1029	995	1
1030	657	1
1031	714	1
1032	941	1
1033	645	1
1034	940	1
1035	527	1
1036	671	1
1037	877	1
1038	576	1
1039	615	1
1040	927	1
1041	664	1
1042	514	1
1043	926	1
1044	816	1
1045	646	1
1046	743	1
1047	990	1
1048	709	1
1049	745	1
1050	592	1
1051	670	1
1052	910	1
1053	579	1
1054	675	1
1055	758	1
1056	666	1
1057	950	1
1058	706	1
1059	849	1
1060	571	1
1061	707	1
1062	669	1
1063	582	1
1064	713	1
1065	550	1
1066	642	1
1067	725	1
1068	959	1
1069	550	1
1070	689	1
1071	792	1
1072	455	1
1073	576	1
1074	245	1
1075	225	1
1076	783	1
1077	743	1
1078	998	1
1079	996	1
1080	866	1
1081	956	1
1082	933	1
1083	719	1
1084	655	1
1085	910	1
1086	788	1
1087	585	1
1088	983	1
1089	815	1
1090	700	1
1091	666	1
1092	993	1
1093	652	1
1094	966	1
1095	988	1
1096	797	1
1097	985	1
1098	579	1
1099	799	1
1100	792	1
1101	922	1
1102	614	1
1103	605	1
1104	593	1
1105	974	1
1106	495	1
1107	766	1
1108	0	1
1109	1000	1
1110	926	1
1111	642	1
1112	636	1
1113	738	1
1114	973	1
1115	993	1
1116	933	1
1117	438	1
1118	675	1
1119	612	1
1120	745	1
1121	761	1
1122	931	1
1123	772	1
1124	499	1
1125	901	1
1126	472	1
1127	575	1
1128	498	1
1129	936	1
1130	531	1
1131	682	1
1132	942	1
1133	659	1
1134	568	1
1135	966	1
1136	934	1
1137	663	1
1138	694	1
1139	613	1
1140	999	1
1141	996	1
1142	737	1
1143	675	1
1144	595	1
1145	897	1
1146	538	1
1147	695	1
1148	687	1
1149	681	1
1150	596	1
1151	817	1
1152	589	1
1153	686	1
1154	770	1
1155	928	1
1156	460	1
1157	1000	1
1158	972	1
1159	862	1
1160	674	1
1161	771	1
1162	896	1
1163	891	1
1164	0	1
1165	968	1
1166	969	1
1167	1000	1
1168	972	1
1169	783	1
1170	687	1
1171	988	1
1172	938	1
1173	945	1
1174	988	1
1175	939	1
1176	678	1
1177	740	1
1178	673	1
1179	997	1
1180	994	1
1181	771	1
1182	702	1
1183	987	1
1184	978	1
1185	576	1
1186	993	1
1187	945	1
1188	571	1
1189	713	1
1190	992	1
1191	706	1
1192	583	1
1193	994	1
1194	822	1
1195	321	1
1196	849	1
1197	799	1
1198	996	1
1199	704	1
1200	326	1
1201	753	1
1202	585	1
1203	656	1
1204	714	1
1205	980	1
1206	829	1
1207	692	1
1208	388	1
1209	521	1
1210	990	1
1211	981	1
1212	753	1
1213	606	1
1214	803	1
1215	630	1
1216	561	1
1217	994	1
1218	949	1
1219	970	1
1220	945	1
1221	631	1
1222	642	1
1223	809	1
1224	976	1
1225	892	1
1226	606	1
1227	953	1
1228	798	1
1229	756	1
1230	761	1
1231	878	1
1232	532	1
1233	861	1
1234	455	1
1235	531	1
1236	462	1
1237	665	1
1238	824	1
1239	695	1
1240	955	1
1241	991	1
1242	295	1
1243	993	1
1244	866	1
1245	670	1
1246	733	1
1247	574	1
1248	791	1
1249	627	1
1250	989	1
1251	459	1
1252	858	1
1253	994	1
1254	683	1
1255	558	1
1256	842	1
1257	284	1
1258	607	1
1259	884	1
1260	894	1
1261	822	1
1262	605	1
1263	758	1
1264	695	1
1265	852	1
1266	540	1
1267	594	1
1268	655	1
1269	800	1
1270	852	1
1271	541	1
1272	960	1
1273	868	1
1274	785	1
1275	734	1
1276	471	1
1277	994	1
1278	846	1
1279	634	1
1280	783	1
1281	685	1
1282	942	1
1283	999	1
1284	992	1
1285	563	1
1286	899	1
1287	837	1
1288	831	1
1289	868	1
1290	933	1
1291	621	1
1292	962	1
1293	965	1
1294	517	1
1295	971	1
1296	899	1
1297	847	1
1298	659	1
1299	780	1
1300	1000	1
1301	1000	1
1302	773	1
1303	431	1
1304	913	1
1305	813	1
1306	819	1
1307	880	1
1308	926	1
1309	558	1
1310	572	1
1311	870	1
1312	599	1
1313	858	1
1314	1000	1
1315	700	1
1316	993	1
1317	887	1
1318	938	1
1319	657	1
1320	962	1
1321	949	1
1322	989	1
1323	628	1
1324	1000	1
1325	957	1
1326	803	1
1327	988	1
1328	945	1
1329	960	1
1330	953	1
1331	977	1
1332	907	1
1333	637	1
1334	603	1
1335	593	1
1336	668	1
1337	970	1
1338	664	1
1339	927	1
1340	560	1
1341	392	1
1342	994	1
1343	706	1
1344	805	1
1345	773	1
1346	588	1
1347	573	1
1348	954	1
1349	946	1
1350	682	1
1351	773	1
1352	545	1
1353	210	1
1354	776	1
1355	455	1
1356	625	1
1357	963	1
1358	656	1
1359	841	1
1360	661	1
1361	743	1
1362	533	1
1363	703	1
1364	994	1
1365	800	1
1366	977	1
1367	617	1
1368	882	1
1369	999	1
1370	989	1
1371	1000	1
1372	656	1
1373	932	1
1374	653	1
1375	646	1
1376	418	1
1377	618	1
1378	663	1
1379	532	1
1380	620	1
1381	995	1
1382	694	1
1383	962	1
1384	902	1
1385	772	1
1386	629	1
1387	515	1
1388	850	1
1389	625	1
1390	688	1
1391	712	1
1392	709	1
1393	769	1
1394	916	1
1395	998	1
1396	898	1
1397	633	1
1398	772	1
1399	792	1
1400	2	1
1401	254	1
1402	962	1
1403	607	1
1404	716	1
1405	767	1
1406	578	1
1407	716	1
1408	970	1
1409	393	1
1410	597	1
1411	663	1
1412	736	1
1413	870	1
1414	974	1
1415	1000	1
1416	688	1
1417	621	1
1418	360	1
1419	738	1
1420	707	1
1421	744	1
1422	881	1
1423	508	1
1424	553	1
1425	806	1
1426	762	1
1427	674	1
1428	925	1
1429	985	1
1430	895	1
1431	620	1
1432	749	1
1433	676	1
1434	804	1
1435	635	1
1436	803	1
1437	955	1
1438	587	1
1439	664	1
1440	893	1
1441	939	1
1442	436	1
1443	518	1
1444	649	1
1445	735	1
1446	697	1
1447	627	1
1448	854	1
1449	763	1
1450	849	1
1451	615	1
1452	999	1
1453	977	1
1454	653	1
1455	522	1
1456	550	1
1457	881	1
1458	527	1
1459	706	1
1460	809	1
1461	627	1
1462	688	1
1463	997	1
1464	938	1
1465	981	1
1466	691	1
1467	619	1
1468	991	1
1469	34	1
1470	977	1
1471	985	1
1472	776	1
1473	747	1
1474	918	1
1475	996	1
1476	584	1
1477	863	1
1478	767	1
1479	877	1
1480	639	1
1481	993	1
1482	687	1
1483	730	1
1484	640	1
1485	999	1
1486	749	1
1487	539	1
1488	585	1
1489	781	1
1490	598	1
1491	974	1
1492	810	1
1493	983	1
1494	893	1
1495	273	1
1496	942	1
1497	701	1
1498	755	1
1499	784	1
1500	751	1
1501	788	1
1502	556	1
1503	621	1
1504	928	1
1505	741	1
1506	898	1
1507	907	1
1508	689	1
1509	710	1
1510	28	1
1511	985	1
1512	658	1
1513	841	1
1514	348	1
1515	997	1
1516	823	1
1517	737	1
1518	850	1
1519	907	1
1520	704	1
1521	980	1
1522	823	1
1523	985	1
1524	971	1
1525	793	1
1526	990	1
1527	1000	1
1528	650	1
1529	903	1
1530	640	1
1531	899	1
1532	979	1
1533	723	1
1534	751	1
1535	576	1
1536	624	1
1537	978	1
1538	558	1
1539	774	1
1540	645	1
1541	664	1
1542	638	1
1543	591	1
1544	914	1
1545	985	1
1546	711	1
1547	717	1
1548	570	1
1549	618	1
1550	976	1
1551	741	1
1552	970	1
1553	901	1
1554	880	1
1555	429	1
1556	794	1
1557	625	1
1558	782	1
1559	987	1
1560	694	1
1561	624	1
1562	981	1
1563	845	1
1564	863	1
1565	738	1
1566	994	1
1567	651	1
1568	918	1
1569	635	1
1570	860	1
1571	614	1
1572	482	1
1573	924	1
1574	623	1
1575	624	1
1576	624	1
1577	785	1
1578	834	1
1579	677	1
1580	991	1
1581	659	1
1582	965	1
1583	1000	1
1584	40	1
1585	659	1
1586	993	1
1587	973	1
1588	867	1
1589	784	1
1590	997	1
1591	877	1
1592	508	1
1593	986	1
1594	799	1
1595	843	1
1596	900	1
1597	620	1
1598	846	1
1599	168	1
1600	896	1
1601	776	1
1602	976	1
1603	1000	1
1604	995	1
1605	445	1
1606	530	1
1607	989	1
1608	731	1
1609	960	1
1610	907	1
1611	988	1
1612	735	1
1613	1000	1
1614	967	1
1615	999	1
1616	894	1
1617	761	1
1618	955	1
1619	645	1
1620	751	1
1621	948	1
1622	628	1
1623	956	1
1624	852	1
1625	652	1
1626	700	1
1627	721	1
1628	924	1
1629	881	1
1630	613	1
1631	769	1
1632	489	1
1633	952	1
1634	962	1
1635	863	1
1636	845	1
1637	903	1
1638	772	1
1639	906	1
1640	606	1
1641	992	1
1642	989	1
1643	694	1
1644	654	1
1645	990	1
1646	719	1
1647	886	1
1648	0	1
1649	821	1
1650	927	1
1651	963	1
1652	765	1
1653	856	1
1654	799	1
1655	618	1
1656	946	1
1657	847	1
1658	940	1
1659	743	1
1660	833	1
1661	775	1
1662	778	1
1663	971	1
1664	653	1
1665	1000	1
1666	766	1
1667	998	1
1668	845	1
1669	648	1
1670	709	1
1671	927	1
1672	683	1
1673	951	1
1674	847	1
1675	611	1
1676	984	1
1677	808	1
1678	404	1
1679	767	1
1680	853	1
1681	559	1
1682	986	1
1683	683	1
1684	783	1
1685	624	1
1686	897	1
1687	957	1
1688	475	1
1689	575	1
1690	519	1
1691	981	1
1692	666	1
1693	682	1
1694	931	1
1695	577	1
1696	680	1
1697	736	1
1698	885	1
1699	892	1
1700	760	1
1701	532	1
1702	162	1
1703	519	1
1704	644	1
1705	741	1
1706	922	1
1707	618	1
1708	616	1
1709	563	1
1710	871	1
1711	990	1
1712	589	1
1713	987	1
1714	791	1
1715	722	1
1716	752	1
1717	999	1
1718	485	1
1719	995	1
1720	727	1
1721	754	1
1722	860	1
1723	596	1
1724	619	1
1725	932	1
1726	894	1
1727	671	1
1728	830	1
1729	973	1
1730	664	1
1731	884	1
1732	793	1
1733	693	1
1734	998	1
1735	789	1
1736	615	1
1737	994	1
1738	632	1
1739	993	1
1740	804	1
1741	893	1
1742	816	1
1743	827	1
1744	972	1
1745	852	1
1746	385	1
1747	690	1
1748	947	1
1749	797	1
1750	905	1
1751	846	1
1752	706	1
1753	985	1
1754	1000	1
1755	579	1
1756	987	1
1757	999	1
1758	819	1
1759	976	1
1760	914	1
1761	974	1
1762	646	1
1763	971	1
1764	748	1
1765	999	1
1766	692	1
1767	625	1
1768	677	1
1769	602	1
1770	889	1
1771	503	1
1772	601	1
1773	992	1
1774	996	1
1775	993	1
1776	430	1
1777	769	1
1778	749	1
1779	990	1
1780	0	1
1781	985	1
1782	743	1
1783	816	1
1784	797	1
