5.22
73.9
0.0859
0.445
0.614
0.714
0.0154
10.5
280.0
33.0
20.0
111.0
74.0
110.0
0.0547
0.00101
6.0
13.0
2.0
0.2
9.5
1.44
0.213
0.00955
0.0277
4.56E-7
0.0039
0.00816
4.15E-5
0.00225
1.21E-6
4.13E-6
1.89E-6
0.00124
4.53E-7
1.75E-4
5.8E-5
1.26E-4
3.74E-4
2.61E-4
2.94E-4
1.39E-7
0.0105
2.81E-5
1.19E-6
0.00353
0.00118
0.00101
2.64E-5
1.77E-7
9.97E-5
0.0021
0.00292
4.23E-6
4.4E-8
4.46E-8
3.12E-8
1.18E-8
98.6
132.0
10.3
1.78
8.42
0.151
10.2
0.543
6.13
92.3
8.36
33.2
0.221
0.0128
0.0219
0.784
0.817
0.296
0.0343
0.0305
1.26
1.0
0.575
0.861
0.0699
0.131
0.179
0.527
1.12
0.573
0.833
0.0374
0.0629
0.0316
0.276
0.00855
0.116
0.00211
4.53E-5
0.0171
6.84E-4
6.44E-4
0.0168
8.37E-5
0.236
0.00168
0.00582
0.0124
0.00601
0.00117
0.00996
0.0037
8.37E-4
0.0986
0.0171
2.8E-4
0.00147
0.005
0.00693
0.0107
0.00326
2.66E-5
3.49E-4
2.07E-4
0.00495
9.86E-4
0.0105
0.0202
1.26E-4
0.0639
0.0191
0.00317
7.41E-5
0.0174
0.00171
3.8E-6
0.00188
0.0129
0.00623
0.0643
0.00413
0.00851
0.017
0.0293
3.02E-4
0.00816
1.2E-5
2.82E-4
0.0308
0.0069
0.0149
0.00955
0.00453
0.00542
0.00262
0.00526
5.15E-4
8.05E-4
0.00366
0.00121
0.00438
4.1E-5
9.97E-4
0.0013
6.56E-4
4.7E-6
0.00213
0.00176
6.07
307.0
2.34
0.162
0.151
0.722
0.013
0.965
0.0335
0.0165
0.00348
0.0926
0.0556
1.91E-5
4.38E-4
1.14E-5
0.663
33.1
2.29
2.13
10.2
0.184
13.7
7.46
0.294
0.0392
0.896
0.141
0.365
0.519
0.101
0.00736
0.0208
0.0939
0.00515
3.8E-4
0.0114
1.67E-4
8.02E-4
2.31
0.00287
0.0137
2.48E-4
0.01
6.31E-5
2.43E-6
1.46E-5
1.28E-6
1.13E-6
0.0589
0.2
0.0138
0.0129
0.0616
0.00111
0.0824
0.0449
0.00177
0.0018
0.00905
0.00518
0.0111
0.0209
0.0195
0.0934
0.00169
0.0681
0.00164
0.00273
0.117
0.00594
0.0825
2.9E-5
6.64E-4
1.73E-5
0.2
0.0243
0.0227
0.109
0.00196
0.0293
0.0792
0.00291
0.0153
0.00874
3.37E-5
7.72E-4
2.02E-5
0.42
5.83E-4
5.44E-4
0.00261
4.7E-5
0.00171
4.17E-5
1.13E-5
1.44E-4
8.38E-5
7.28E-7
1.67E-5
4.35E-7
0.00963
2.9
0.312
1.21
0.00623
0.112
0.305
0.0189
0.32
0.0439
0.138
0.15
0.257
0.0149
0.0262
3.02E-4
1.33E-5
4.69
0.0811
0.363
0.00743
0.211
0.193
0.00673
0.00639
0.00192
0.00112
0.00105
0.00242
0.00114
83.1
111.0
83.1
0.00867
0.0412
8.44E-4
0.0239
0.022
7.64E-4
7.26E-4
2.18E-4
5.08E-4
4.79E-4
2.6E-4
9.81
13.1
9.81
0.00736
0.0297
6.08E-4
0.0172
0.0158
5.5E-4
5.23E-4
1.57E-4
3.66E-4
3.45E-4
3.74E-4
3.13
4.17
3.13
111.0
4.21E-4
0.0253
4.45E-4
9.78E-4
1.86E-4
21.8
29.0
21.8
0.612
0.0588
0.157
0.434
2.07
0.0533
0.109
0.0616
0.0289
0.00769
0.00198
1.35E-5
0.00436
0.00157
0.0031
0.00131
7.62E-4
7.18E-4
8.27E-4
3.9E-4
31.9
42.6
31.9
26.0
2.34
0.783
3.75
0.0677
4.92
2.71
0.0292
0.25
27.0
8.31
1.4
6.72
0.121
9.3
4.86
0.0305
0.0962
0.15
170.5
0.0849
0.407
0.00734
0.294
0.00185
0.00582
0.00954
8.445
0.0683
0.00205
0.00169
2.94E-4
0.0105
6.15E-4
2.1E-5
0.0165
1.43E-4
2.18E-5
0.00178
4.99E-4
7.76E-4
3.53E-4
7.17E-4
2.12E-5
1.65E-5
5.73E-6
1.9E-4
0.00168
3.25E-4
1.09E-4
0.00769
3.93E-4
9.24E-5
1.07E-6
1.48
0.32
0.00958
0.018
0.00137
0.049
0.00288
9.82E-5
0.0771
1.18E-5
1.02E-4
0.00831
0.00233
0.00399
0.00165
0.00229
5.67E-4
5.25E-5
2.69E-5
8.88E-4
0.00786
0.00152
5.13E-4
0.03
0.00252
4.76E-4
3.44E-6
7.138
0.0056
1.67E-4
1.37E-4
2.39E-5
8.53E-4
5.01E-5
1.71E-6
0.00134
4.88E-4
1.78E-6
1.45E-4
4.07E-5
6.32E-5
2.87E-5
3.99E-5
9.87E-6
9.14E-7
4.67E-7
1.55E-5
1.37E-4
2.65E-5
8.93E-6
6.27E-4
3.2E-5
7.53E-6
5.99E-8
0.1292
0.233
0.00698
9.52E-5
0.001
0.0357
0.0021
7.16E-5
0.0618
4.36E-4
7.43E-5
0.00666
0.00187
0.00291
6.61E-4
0.00183
2.27E-4
3.82E-5
1.96E-5
6.47E-4
0.00299
0.00111
3.74E-4
0.022
0.00202
3.15E-4
2.51E-6
9.9275
0.00598
6.68E-5
7.51E-5
0.0315
6.83E-6
1.28E-6
0.0222
2.93E-5
2.95E-5
0.00182
1.25E-5
0.185575
0.254
0.0072
0.00485
9.29E-4
5.93E-4
3.68E-4
0.00216
7.38E-5
0.0521
5.05E-4
7.66E-5
0.00504
0.00158
0.00245
5.58E-4
0.00174
1.92E-4
2.92E-4
4.9545
9.16
33.0
0.00477
0.00144
0.0173
0.00926
0.047
0.0982
0.278
4.22E-4
115.85
3.72
3.32E-4
0.537
0.00121
7.34E-4
0.00327
0.00684
0.0215
2.95E-5
9.32
0.0268
0.00524
0.762
0.426
0.0182
0.276
0.0521
0.0186
2.19E-5
0.00805
0.00426
0.00161
0.00141
0.00344
0.00131
84.69999999999999
0.148
0.00291
0.00265
2.26E-6
0.0103
6.68E-4
0.00499
1.08E-4
2.17E-4
1.62E-5
3.85E-5
0.0829
3.82E-4
2.13E-5
1.59E-4
0.0171
0.0632
7.25E-5
0.0073
0.00691
0.00201
1.05E-4
1.19E-7
0.0153
0.0454
0.00699
0.00388
1.95E-4
0.0181
4.93E-4
3.93E-4
5.44E-6
2.55E-4
2.9E-7
7.24E-5
0.185
0.0586
0.0137
0.0981
0.0628
0.0292
0.00134
0.0185
3.94E-4
2.29E-4
0.0275
6.39E-4
0.00307
3.75E-5
3.08E-4
5.35E-4
0.0132
0.0122
2.82E-4
0.00371
0.00575
6.11E-5
5.72E-4
0.00179
1.63E-4
6.77E-5
1.13E-4
0.00514
2.47E-6
6.65E-6
3.38E-4
2.18E-4
1.67E-4
1.17E-4
1.56E-4
6.48E-4
1.07E-5
2.65E-4
9.64E-5
2.71E-4
8.31E-4
9.47E-7
3.4E-5
8.85E-5
0.652
0.00373
0.0256
0.0362
0.00706
2.28E-5
1.59E-5
0.00175
4.07E-5
0.00611
6.97E-5
1.24E-4
6.2E-5
0.0187
0.00142
5.55E-4
1.63E-5
5.21E-4
3.33E-4
3.55E-6
4.41E-4
2.07E-5
7.33E-4
0.00204
1.59E-5
2.15E-4
1.39E-4
1.06E-4
7.45E-5
9.88E-5
4.13E-4
6.8E-6
1.69E-4
6.14E-5
1.72E-4
1.59E-4
1.8E-7
5.64E-6
0.16485
3.33E-6
2.11E-6
2.56E-4
5.94E-6
8.93E-4
1.02E-5
4.93E-5
0.00274
7.61E-5
4.85E-5
5.17E-7
6.44E-5
1.51E-5
1.06E-4
2.98E-4
2.32E-6
1.56E-5
1.44E-5
6.02E-5
2.46E-5
8.97E-6
2.52E-5
2.32E-5
0.0198
2.83E-6
2.1E-6
2.19E-4
5.06E-6
7.61E-4
8.67E-6
0.0034560000000000003
2.03E-6
6.48E-5
4.14E-5
4.41E-7
5.49E-5
1.29E-5
7.46E-4
2.54E-4
1.98E-6
1.22E-5
5.14E-5
2.1E-5
7.64E-6
2.14E-5
1.98E-5
0.0183
0.139
0.0913
0.0142
0.00983
2.28E-4
0.00202
2.71E-5
0.00436
9.15E-5
0.00844
0.0111
2.67E-5
0.0123
0.00257
2.2E-5
0.0114
0.00117
9.58E-4
0.00411
2.54E-4
8.92E-5
2.42E-4
1.55E-4
1.19E-4
8.36E-5
2.78E-5
2.31E-4
3.81E-6
1.89E-4
1.15E-4
3.22E-4
2.97E-4
3.38E-7
3.17E-5
1.018
0.199
0.014
0.00877
2.04E-4
0.00129
2.66E-5
0.00389
8.16E-5
0.00753
0.00889
2.39E-5
0.011
0.00229
1.97E-5
0.0102
0.00104
8.85E-4
0.00367
2.26E-4
7.96E-5
1.06E-5
2.16E-4
1.39E-4
1.06E-4
7.45E-5
2.48E-5
2.07E-4
3.41E-6
1.69E-4
1.03E-4
2.88E-4
2.65E-4
3.02E-7
2.82E-5
0.2245
0.128
0.0129
0.00453
1.05E-4
9.67E-4
1.25E-5
0.00201
0.001
4.21E-5
0.00489
0.0051
1.23E-5
0.00566
0.00219
1.01E-5
0.00981
9.94E-4
4.4E-4
0.00188
1.28E-4
4.09E-5
5.48E-6
1.11E-4
7.17E-5
5.51E-5
3.85E-5
1.27E-5
1.06E-4
1.76E-6
8.73E-5
5.3E-5
1.49E-4
1.37E-4
1.56E-7
1.45E-5
0.188
0.0759
0.00435
0.00822
0.00227
5.27E-5
0.00473
3.51E-7
0.00746
8.03E-5
0.018
3.15E-4
2.11E-5
3.67E-4
1.27E-4
0.0419
1.35E-4
0.00206
2.54E-5
2.02E-5
2.71E-4
6.08E-4
2.06E-5
2.79E-4
1.8E-4
1.38E-4
9.64E-5
2.19E-4
7.96E-5
2.23E-4
7.29E-6
0.3235
7.27E-4
8.47E-5
0.019
5.51E-4
0.00115
0.0251
0.00556
6.67E-6
5.24E-4
5.29E-6
0.00389
1.02E-5
0.0119
0.0031
1.09E-6
8.24E-5
0.00128
2.83E-5
2.69E-6
0.00393
4.48E-4
1.48E-6
0.00251
1.87E-5
8.17E-4
2.9E-4
2.83E-6
3.85E-4
0.0147
2.81E-4
6.88E-5
0.00273
0.00102
0.04735
0.027
6.99E-4
0.0189
0.16
0.0128
0.0393
0.00126
0.0025
2.44E-5
0.00834
2.98E-5
0.00226
1.15E-4
0.00365
0.00264
1.24E-5
0.00217
0.00526
0.00422
0.00181
8.72E-4
0.00343
1.13E-5
0.023
0.00103
4.86E-4
9.49E-5
0.00243
2.16E-5
0.00322
0.00281
2.87E-4
5.77E-4
0.00129
0.00206
7.01E-6
0.167
0.00727
9.41E-4
0.0513
0.0303
0.00557
0.0204
0.00275
2.68E-5
0.00807
3.65E-5
0.00199
2.1E-4
0.00556
0.00431
2.25E-5
3.06E-4
0.00677
0.00611
0.00291
9.61E-4
0.00358
1.25E-5
0.0208
0.00114
4.24E-4
1.04E-4
0.00166
2.37E-5
0.00254
0.00309
3.16E-4
6.35E-4
3.05E-4
0.00104
9.43E-6
0.155
0.016
0.00186
0.0743
0.0212
1.36E-4
0.00515
5.75E-6
0.0168
2.07E-4
8.1E-4
2.22E-5
6.06E-4
8.07E-5
0.00139
2.77E-5
5.43E-5
0.00301
0.00306
0.00831
2.74E-5
0.00102
0.0025
1.15E-4
0.0053
5.22E-5
0.0039
6.98E-4
5.3E-5
1.87E-5
0.174
0.0229
0.188
2.66E-4
0.00369
1.94E-4
0.00286
1.77E-4
0.02
0.00159
1.32E-4
9.54E-4
0.00414
0.00128
0.00317
2.96E-4
0.0307
0.00116
6.97E-5
1.25E-4
4.78E-4
0.00294
1.64E-4
1.78E-5
2.02E-4
7.77E-5
0.00206
6.35E-4
6.86E-4
0.00327
1.67E-5
1.02E-4
0.00808
0.00197
2.47E-4
0.00379
0.00102
9.79E-4
0.00169
1.33E-5
1.19E-4
5.88E-7
1.0E-5
9.71E-4
2.19E-4
0.00102
6.57E-4
5.04E-4
3.52E-4
2.34E-4
9.77E-4
1.61E-5
7.99E-4
2.91E-4
8.15E-4
3.09E-6
2.74E-4
0.00151
1.71E-6
1.03E-5
2.67E-5
0.888
0.0113
0.00179
0.0248
2.12E-6
0.00413
9.59E-5
0.00283
1.75E-4
0.0099
0.00378
2.86E-4
4.72E-4
0.00205
6.32E-4
2.92E-5
0.00304
6.69E-4
3.44E-5
6.16E-5
2.36E-4
7.27E-4
8.12E-5
8.8E-6
1.0E-4
3.85E-5
0.00213
6.57E-4
3.74E-4
0.00529
1.25E-5
5.05E-5
0.0044
0.00424
1.62E-4
0.00305
7.43E-4
7.9E-4
0.00485
6.58E-6
7.77E-5
2.91E-7
4.96E-6
4.81E-4
1.08E-4
5.05E-4
3.26E-4
2.5E-4
1.75E-4
1.16E-4
4.84E-4
7.97E-6
3.95E-4
1.44E-4
4.04E-4
1.53E-6
1.35E-4
7.45E-4
8.48E-7
5.08E-6
1.32E-5
0.12825
8.06E-5
0.00607
1.41E-4
0.00104
6.43E-5
0.00363
0.00242
2.21E-4
6.93E-4
0.00301
9.27E-4
0.00447
5.06E-5
2.49E-5
3.47E-4
0.00107
1.19E-4
1.43E-5
1.48E-4
5.64E-5
0.00344
0.00106
4.99E-4
0.00237
1.21E-5
8.15E-5
0.00587
0.00268
3.94E-4
0.00611
0.00149
0.00174
9.65E-6
6.06E-5
3.5E-7
5.97E-6
5.79E-4
1.3E-4
6.08E-4
3.91E-4
3.0E-4
2.1E-4
1.4E-4
5.82E-4
9.6E-6
4.76E-4
1.73E-4
4.86E-4
1.84E-6
1.63E-4
8.97E-4
1.02E-6
6.11E-6
1.59E-5
0.3075
2.22E-4
2.6E-6
0.00123
7.62E-5
0.00215
3.58E-5
4.45E-5
1.37E-5
3.16E-6
3.29E-4
7.23E-5
7.45E-7
1.34E-5
2.53E-5
3.11E-5
8.67E-6
4.6E-5
1.42E-5
7.35E-6
3.5E-5
8.64E-5
1.99E-5
5.27E-6
9.0E-5
2.19E-5
2.33E-5
0.0195
1.11E-4
7.2E-6
6.43E-4
5.62E-5
1.49E-5
1.57E-4
1.37E-6
0.0018
2.66E-4
4.96E-4
4.52E-8
7.72E-7
3.89E-5
2.72E-5
6.16E-5
2.24E-5
6.28E-5
2.1E-5
1.16E-4
1.32E-7
0.0387
5.54E-4
0.00767
6.06E-6
1.86E-4
2.07E-5
0.00234
7.41E-5
2.29E-4
0.00489
9.22E-5
2.84E-5
0.00115
1.29E-5
5.15E-6
3.96E-7
1.73E-6
9.45E-4
1.87E-4
9.41E-5
7.77E-5
0.00609
1.67E-5
7.77E-6
3.25E-5
2.65E-5
9.67E-6
2.71E-5
9.08E-6
5.01E-5
5.69E-8
0.02065
0.0247
0.00898
0.124
2.31E-5
4.44E-5
0.00272
3.36E-4
7.0E-5
0.0012
0.00237
0.00493
0.0015
4.61E-4
0.0186
8.37E-5
8.36E-5
6.43E-6
2.8E-5
8.23E-4
6.03E-6
5.09E-4
0.00427
0.00125
0.00153
0.00346
0.00126
0.0034
2.74E-5
2.12E-7
3.62E-6
3.69E-4
2.37E-4
1.82E-4
1.28E-4
8.45E-5
3.54E-4
5.83E-6
2.89E-4
1.05E-4
2.95E-4
1.11E-6
9.88E-5
5.44E-4
6.2E-7
9.65E-6
0.1815
4.49E-4
8.0E-5
8.9E-6
3.17E-5
9.86E-5
1.3E-4
3.93E-5
1.21E-5
2.2E-6
1.69E-7
7.39E-7
3.66E-5
3.32E-5
0.00141
2.77E-6
0.001701
2.27E-4
5.1E-4
7.24E-5
1.18E-5
2.03E-4
6.29E-4
8.33E-4
2.53E-4
7.79E-5
1.41E-5
1.09E-6
4.75E-6
2.11E-4
2.13E-4
0.00341
8.23E-8
1.4E-6
7.05E-5
4.93E-5
3.27E-5
1.36E-4
2.25E-6
1.12E-4
4.07E-5
1.14E-4
4.33E-7
3.82E-5
2.11E-4
2.4E-7
0.023475
1.51E-5
2.0E-6
2.21E-5
4.0E-8
8.63E-6
6.71E-7
6.65E-4
7.54E-4
7.59E-5
0.0166
0.0332
6.15E-5
3.89E-6
2.91E-5
6.02E-4
4.65E-5
0.0014
8.85E-6
2.41E-5
8.25E-4
2.29E-5
4.63E-7
3.95E-5
2.02E-6
1.11E-4
3.45E-5
2.42E-4
1.81E-6
0.0057
2.6E-6
5.41E-7
1.06E-5
0.00188
3.62E-4
3.86E-4
2.35E-4
1.03E-4
1.34E-4
2.35E-5
3.81E-5
6.23E-6
5.32E-5
1.22E-6
1.02E-4
0.0181
1.38E-7
3.76E-7
1.29E-5
3.56E-7
6.15E-7
3.14E-8
1.8E-6
5.55E-7
3.76E-6
2.82E-8
8.88E-6
4.04E-8
9.31E-4
4.5E-5
1.19E-4
0.00191
0.004
0.00824
1.13E-4
3.3E-5
1.94E-4
9.9E-6
6.02E-4
1.86E-4
0.00248
0.00333
6.91E-5
1.12E-4
0.00279
5.21E-4
1.33E-6
5.15E-5
0.00923
5.91E-4
0.00379
0.00115
5.04E-4
6.55E-4
5.77E-5
1.87E-4
3.05E-5
2.61E-4
5.95E-6
3.33E-4
0.0316
4.075E-4
3.19E-4
1.87E-7
1.82E-6
6.49E-4
1.24E-4
8.11E-6
1.17E-5
2.19E-5
0.00888
1.42E-5
2.27E-5
1.2E-5
4.93E-4
2.16E-5
8.09E-5
6.5E-5
0.0128
5.21E-4
1.39E-5
2.97E-4
1.16E-5
1.28E-6
1.86E-6
1.27E-7
8.84E-4
1.14E-4
3.63E-4
5.53E-6
1.6E-5
5.96E-5
4.79E-5
0.0103
0.00286
4.52E-6
7.76E-5
4.95E-4
4.15E-7
9.99E-5
3.09E-5
2.17E-4
1.15E-5
4.3E-4
1.05E-5
1.44E-7
1.39E-6
9.97E-4
9.61E-5
6.23E-5
3.54E-5
6.23E-6
8.98E-6
3.36E-5
4.5E-5
0.00326
4.39E-6
2.5E-6
4.09E-4
2.3E-7
6.36E-6
4.35E-4
9.83E-7
3.9E-6
1.46E-5
0.00161
7.42E-5
2.13E-5
9.79E-7
3.07E-4
1.4E-6
2.05E-7
1.99E-6
7.13E-4
1.37E-4
8.91E-6
2.57E-5
4.81E-5
0.00477
7.79E-5
3.57E-6
0.00112
3.9955E-5
4.33E-7
4.21E-6
7.54E-4
1.93E-4
3.1E-4
1.88E-5
2.72E-5
5.08E-5
2.73E-5
0.0136
1.82E-5
2.37E-6
4.13E-6
6.98E-5
1.89E-5
5.84E-6
4.09E-5
2.17E-6
1.17E-4
2.17E-5
7.71E-4
6.68E-4
4.87E-5
1.49E-4
1.08E-5
0.00268
0.00297
1.01E-4
0.00253
2.83E-6
2.42E-4
6.19E-6
6.85E-4
2.12E-4
0.0031
0.00345
7.85E-5
1.11E-5
0.00349
1.58E-5
1.32E-5
1.66E-6
6.45E-5
0.00607
0.00148
0.00237
0.00289
0.00126
0.00164
4.16E-5
9.94E-5
7.21E-5
4.66E-4
7.64E-5
6.52E-4
1.49E-5
6.49E-5
2.09E-4
0.05
1.34E-5
3.38E-5
6.11E-4
7.55E-5
6.47E-7
5.52E-5
2.82E-6
1.57E-4
4.83E-5
7.5E-4
3.38E-4
1.79E-5
2.53E-6
7.96E-4
3.63E-6
3.78E-7
1.47E-5
4.39E-4
1.68E-4
3.6E-4
6.59E-4
2.88E-4
3.74E-4
9.49E-6
2.27E-5
1.64E-5
1.06E-4
1.74E-5
1.49E-4
3.39E-6
1.48E-5
4.75E-5
0.0134
4.47E-6
3.59E-6
1.08E-4
5.02E-8
1.21E-5
3.74E-6
2.16E-4
5.5E-5
6.18E-5
7.33E-7
3.28E-5
1.44E-5
1.87E-5
1.7E-7
0.00125
0.00295
1.41E-5
5.82E-4
2.83E-7
2.42E-5
2.47E-6
1.11E-6
3.49E-4
1.58E-6
1.16E-7
4.51E-6
2.02E-4
1.04E-4
1.1E-4
2.02E-4
8.84E-5
1.15E-4
5.05E-6
3.27E-5
5.35E-6
4.57E-5
1.04E-6
4.38E-5
0.00544
4.7E-6
2.65E-7
9.29E-5
1.98E-5
2.91E-4
1.55E-7
6.02E-6
0.00108
2.08E-4
2.21E-4
2.7E-4
1.18E-4
1.53E-4
6.74E-6
4.37E-5
7.14E-6
6.1E-5
1.39E-6
1.95E-5
0.007
2.03E-5
3.88E-7
1.24E-4
2.89E-5
4.24E-4
2.27E-7
8.81E-6
7.9E-4
1.01E-4
6.48E-4
3.95E-4
1.73E-4
2.24E-4
1.36E-5
9.87E-6
6.39E-5
1.04E-5
8.92E-5
2.04E-6
2.85E-5
0.0111
5.14E-6
9.95E-8
3.4E-4
7.42E-6
1.09E-4
5.82E-8
2.26E-6
2.6E-5
1.01E-4
4.43E-5
5.76E-5
2.53E-6
1.64E-5
2.68E-6
2.29E-5
5.23E-7
0.00216
1.14E-5
3.3E-6
1.23E-5
8.26E-6
9.48E-4
7.43E-6
3.05E-4
4.95E-6
3.5E-4
1.96E-7
3.8E-6
3.4E-4
1.75E-4
1.86E-4
8.51E-6
2.45E-5
2.3E-5
2.46E-5
0.0077
6.4E-6
2.39E-5
0.00198
8.4E-6
5.66E-5
5.23E-7
4.47E-5
2.28E-6
1.06E-4
3.27E-5
3.88E-4
4.81E-4
2.29E-4
1.21E-5
5.41E-4
2.06E-6
5.14E-7
1.0E-5
3.67E-4
4.48E-4
1.95E-4
2.55E-4
1.54E-5
2.23E-5
3.23E-5
7.24E-5
1.19E-5
1.01E-4
2.31E-6
6.03E-5
1.0E-5
1.61E-4
0.0176
0.00876
2.16E-5
5.65E-5
2.17E-7
1.1E-6
1.07E-5
0.00191
7.36E-4
5.23E-4
4.79E-5
6.9E-5
8.6E-5
3.46E-4
0.0461
4.13E-6
8.59E-5
4.21E-5
1.15E-4
0.00187
2.2E-6
1.88E-4
1.92E-6
5.32E-4
1.64E-4
0.00271
1.24E-5
2.58E-6
2.5E-5
0.00448
0.00172
0.00123
0.00112
6.37E-4
1.12E-4
1.61E-4
1.51E-4
3.23E-4
0.108
1.74E-5
0.00123
8.91E-7
8.66E-6
0.00155
5.97E-4
4.24E-4
3.88E-5
5.59E-5
4.18E-5
1.68E-4
0.0308
6.28E-4
2.31E-7
1.0E-5
5.77E-5
2.16E-4
5.78E-5
0.0147
2.88E-6
1.08E-5
0.00134
4.41E-5
6.59E-4
1.32E-4
0.0158
3.88E-6
9.18E-5
4.18E-7
8.75E-8
8.5E-7
6.19E-4
5.85E-5
3.8E-6
5.49E-6
8.21E-5
2.74E-5
0.00222
3.29E-5
1.83E-5
2.0E-4
2.39E-7
4.04E-4
0.00105
1.97E-4
7.8E-6
2.92E-5
3.91E-5
0.00408
0.003605
6.06E-5
2.26E-4
3.03E-5
0.011
5.62E-5
4.6E-6
2.62E-6
4.51E-5
5.04E-5
1.55E-5
2.41E-7
1.05E-6
2.65E-4
2.96E-4
4.15E-4
1.13E-6
1.41E-7
5.47E-6
2.45E-4
6.28E-5
2.02E-4
2.45E-4
1.07E-4
1.39E-4
6.13E-6
3.97E-5
6.49E-6
5.54E-5
1.26E-6
1.77E-5
0.00643
1.66E-5
2.85E-4
0.00144
3.19E-4
9.85E-5
9.76E-6
1.52E-6
6.66E-6
3.68E-4
1.14E-4
0.00167
7.97E-4
4.22E-5
0.00282
0.00263
8.92E-7
3.46E-5
0.00103
3.98E-4
8.49E-4
0.00155
6.79E-4
8.83E-4
2.24E-5
5.36E-5
3.88E-5
2.52E-4
4.11E-5
3.51E-4
8.01E-6
3.49E-5
1.12E-4
0.0156
0.0156
4.57E-5
2.14E-6
2.83E-4
1.85E-4
4.1E-5
1.26E-5
7.5E-5
1.96E-7
8.56E-7
6.17E-5
1.91E-5
2.15E-4
1.03E-4
5.42E-6
0.00106
4.4E-4
1.07E-7
4.16E-6
1.24E-4
4.77E-5
1.02E-4
1.86E-4
8.14E-5
1.05E-4
4.65E-6
3.01E-5
4.93E-6
4.21E-5
9.59E-7
8.23E-4
8.23E-4
0.00197
2.08E-5
7.47E-5
4.01E-7
1.94435E-4
4.05E-7
7.87E-6
0.00141
2.71E-4
2.89E-4
1.76E-5
5.08E-5
9.5E-5
2.54E-5
0.00291
0.00524
4.65E-5
8.4E-4
9.72E-4
2.46E-5
0.00109
4.98E-6
3.47E-7
6.75E-6
0.00242
3.09E-4
9.92E-4
1.51E-5
4.35E-5
1.63E-4
1.31E-4
0.0142
3.66E-6
0.00115
5.24E-6
2.74E-7
5.32E-6
9.53E-4
1.22E-4
7.82E-4
1.19E-5
3.43E-5
2.56E-4
3.44E-5
0.00241
3.28E-6
1.18E-6
5.39E-8
1.4E-5
1.03E-4
5.65E-5
9.29E-6
2.49E-6
4.39E-5
3.6E-6
6.42E-7
1.04E-5
5.3E-5
2.77E-6
2.46E-7
1.08E-6
5.96E-5
1.84E-5
2.43E-4
1.16E-4
6.83E-6
6.96E-5
1.94E-7
3.77E-6
3.38E-4
1.3E-4
9.25E-5
8.46E-5
3.7E-5
4.81E-5
8.46E-6
1.22E-5
1.37E-5
2.24E-6
1.91E-5
4.37E-7
1.14E-5
2.45E-5
2.0E-4
2.0E-4
3.1E-6
7.29E-5
5.45E-5
0.0104
1.22E-5
0.00188
2.64E-5
2.04E-5
0.00406
1.69E-5
1.3E-5
0.0026
8.01E-6
0.00123
9.59E-6
0.00147
4.64E-6
0.00116
9.31E-6
0.00181
1.41E-4
2.2E-4
6.48E-6
9.96E-4
2.14E-6
3.28E-4
7.75E-6
0.00119
1.06E-5
0.00232
2.31E-5
0.00518
1.16E-5
0.00258
1.84E-5
5.58E-4
7.9E-4
0.348
0.181
123.0
0.00111
166.0

