68150.0
110902.0
72020.0
220192.0
164951.0
22700.0
325839.0
171783.0
34400.0
441099.0
474438.0
115098.0
514446.0
913102.0
55500.0
190185.0
372300.0
886030.0
279330.0
247564.0
175425.0
43267.0
367113.0
336769.0
659832.0
358062.0
129111.0
36375.0
83085.0
139524.0
503145.0
262594.0
53900.0
426824.0
723262.0
809574.0
1510808.0
117606.0
54400.0
732851.0
19440.0
101916.0
72523.0
1107213.0
12810.0
112068.0
1195101.0
52110.0
163399.0
59720.0
144231.0
224027.0
67375.0
547157.0
321661.0
71557.0
502806.0
54400.0
300258.0
48500.0
1033195.0
652386.0
138079.0
96715.0
355688.0
62370.0
1080.0
284942.0
860593.0
199964.0
492319.0
679619.0
215841.0
1216421.0
246739.0
9350.0
32400.0
577310.0
84653.0
1520415.0
69300.0
555804.0
43500.0
693453.0
188756.0
132912.0
1039108.0
360310.0
261300.0
116070.0
70972.0
328311.0
770395.0
856502.0
202436.0
109821.0
157585.0
124264.0
103140.0
1234310.0
486198.0
15175.0
558990.0
197325.0
192011.0
216469.0
1069691.0
617113.0
54250.0
670403.0
470080.0
4620.0
274926.0
103305.0
781815.0
378133.0
83020.0
176752.0
680280.0
380118.0
349165.0
647211.0
54600.0
346938.0
336710.0
419356.0
136631.0
128340.0
575474.0
155862.0
191160.0
361559.0
560866.0
36500.0
108867.0
359943.0
104490.0
1234255.0
159108.0
202476.0
115095.0
307547.0
57945.0
305183.0
90250.0
54450.0
84265.0
222640.0
25849.0
93844.0
168856.0
368818.0
54400.0
140276.0
601556.0
11525.0
85285.0
227843.0
54391.0
1162050.0
10582.0
118763.0
349885.0
687470.0
54000.0
53650.0
38602.0
56675.0
286079.0
574240.0
597658.0
560874.0
84090.0
97769.0
54400.0
682265.0
65461.0
228213.0
51491.0
925060.0
1420328.0
1233525.0
44163.0
354183.0
1030315.0
25524.0
117390.0
73720.0
1235594.0
54450.0
421622.0
72140.0
134553.0
52107.0
186486.0
377019.0
113599.0
105047.0
16498.0
75555.0
347150.0
32130.0
643652.0
788853.0
109257.0
18012.0
521541.0
23232.0
72550.0
43481.0
68634.0
954365.0
1839950.0
53848.0
1442016.0
51535.0
78229.0
59931.0
90350.0
608601.0
686182.0
252481.0
267665.0
248396.0
694420.0
317883.0
14221.0
112488.0
13350.0
323704.0
1292439.0
277199.0
10771.0
35026.0
162108.0
173244.0
340139.0
228.0
125428.0
13694.0
11305.0
118891.0
449012.0
1215775.0
846534.0
129640.0
669633.0
64242.0
434649.0
87833.0
353125.0
227296.0
106580.0
53550.0
367789.0
125019.0
221436.0
584843.0
273182.0
56000.0
120142.0
186997.0
828937.0
1403826.0
70350.0
555526.0
419199.0
198172.0
505981.0
49850.0
814852.0
88827.0
283362.0
88298.0
468769.0
247832.0
153909.0
132110.0
104566.0
117412.0
90464.0
368022.0
81277.0
32640.0
165830.0
16720.0
706257.0
181978.0
148051.0
355559.0
28315.0
626658.0
13039.0
134413.0
25477.0
152220.0
15639.0
335243.0
54200.0
54300.0
53734.0
198239.0
74052.0
384590.0
217976.0
296048.0
162604.0
390557.0
80429.0
511022.0
1150527.0
14362.0
94308.0
462564.0
50336.0
15966.0
376435.0
519661.0
81528.0
455469.0
94826.0
35049.0
47719.0
49063.0
118144.0
55148.0
16016.0
21472.0
148833.0
15741.0
230511.0
1080.0
151781.0
399547.0
844453.0
249523.0
1530.0
150856.0
274821.0
37840.0
118702.0
270516.0
149140.0
990103.0
78863.0
1036428.0
174205.0
48230.0
818075.0
180817.0
318843.0
58254.0
125465.0
545485.0
633071.0
386524.0
361758.0
101161.0
38050.0
607010.0
168352.0
56466.0
54450.0
13423.0
510120.0
415633.0
12528.0
295186.0
75555.0
328599.0
150528.0
361833.0
135450.0
211253.0
326312.0
546737.0
869649.0
309998.0
7086.0
54500.0
96298.0
385831.0
135901.0
107328.0
23091.0
581157.0
716495.0
83030.0
137075.0
606243.0
747571.0
97919.0
206555.0
374428.0
72508.0
450081.0
215043.0
514862.0
71097.0
554888.0
36300.0
492089.0
346586.0
378239.0
94129.0
96781.0
76427.0
13775.0
9310.0
248767.0
317096.0
43372.0
9775.0
144175.0
61830.0
196004.0
37575.0
521081.0
169254.0
100.0
61830.0
152702.0
232171.0
44405.0
133856.0
285773.0
1167244.0
464499.0
1232.0
212685.0
32075.0
696785.0
216217.0
123024.0
1517349.0
52746.0
666421.0
583558.0
79777.0
33510.0
30750.0
1404735.0
203345.0
2253992.0
110834.0
296158.0
280430.0
427379.0
180289.0
18225.0
434609.0
67312.0
149420.0
509007.0
157601.0
1223330.0
531798.0
84330.0
51885.0
473715.0
391244.0
1567073.0
248582.0
200736.0
305959.0
568655.0
50922.0
224157.0
155578.0
1007655.0
1326899.0
1093303.0
808519.0
527202.0
61830.0
86016.0
464999.0
1122.0
109350.0
31734.0
313603.0
5760.0
43560.0
935455.0
26270.0
369351.0
40262.0
68996.0
50005.0
6425.0
147473.0
101612.0
119961.0
50005.0
508387.0
427320.0
29045.0
209108.0
88310.0
244223.0
114565.0
174454.0
97683.0
962187.0
49429.0
86995.0
464061.0
598874.0
43175.0
365920.0
89585.0
62285.0
54750.0
13642.0
83235.0
46213.0
41588.0
263243.0
63016.0
529005.0
73100.0
16340.0
212439.0
260180.0
1594065.0
173173.0
49817.0
414790.0
142628.0
406362.0
54329.0
8950.0
47730.0
155623.0
43750.0
659329.0
152165.0
12173.0
533320.0
22728.0
149308.0
288132.0
887322.0
521559.0
16587.0
279803.0
180451.0
12711.0
91179.0
99941.0
105067.0
374424.0
1111717.0
313246.0
87150.0
31806.0
34500.0
50005.0
758598.0
566407.0
576715.0
701439.0
568411.0
553231.0
654620.0
11433.0
127776.0
143574.0
457506.0
56376.0
396850.0
10649.0
17765.0
24614.0
19944.0
256232.0
237593.0
1638.0
17632.0
135022.0
36694.0
36300.0
233275.0
359013.0
87248.0
382622.0
71208.0
7448.0
17090.0
60572.0
173607.0
153514.0
72051.0
11723.0
4816.0
312017.0
59085.0
229758.0
49266.0
49597.0
13479.0
75605.0
133560.0
398335.0
18563.0
70930.0
36400.0
36930.0
445015.0
49255.0
47050.0
114656.0
20681.0
91125.0
21992.0
18601.0
145142.0
85136.0
49218.0
81517.0
27402.0
12730.0
558045.0
717024.0
141992.0
3512.0
20700.0
209161.0
92013.0
59473.0
564.0
21717.0
713334.0
18667.0
12730.0
466112.0
64634.0
560038.0
17641.0
263428.0
400471.0
133549.0
221005.0
145969.0
36050.0
84950.0
57390.0
811705.0
242767.0
68365.0
254322.0
208921.0
377760.0
232171.0
514694.0
335563.0
32625.0
11789.0
183357.0
34575.0
2850.0
17575.0
114657.0
20425.0
18829.0
225553.0
9362.0
36119.0
505547.0
123121.0
69400.0
842435.0
962589.0
56300.0
22030.0
412154.0
764241.0
340119.0
305022.0
532371.0
29231.0
136682.0
135395.0
166729.0
17565.0
6244.0
3154.0
115296.0
49702.0
3300.0
46937.0
218962.0
19967.0
72522.0
17663.0
87700.0
40780.0
133253.0
118334.0
164098.0
54522.0
11362.0
13158.0
133545.0
131541.0
406249.0
44353.0
64619.0
237150.0
110096.0
153108.0
269773.0
200651.0
172589.0
35853.0
95592.0
397390.0
106070.0
47507.0
35224.0
300519.0
248047.0
191332.0
839657.0
48722.0
21534.0
379217.0
18042.0
286718.0
30200.0
65857.0
58996.0
253632.0
138806.0
159070.0
17.0
192245.0
184573.0
63600.0
16428.0
6936.0
122570.0
55195.0
1980.0
157946.0
394642.0
36450.0
8010.0
221771.0
18734.0
11343.0
13082.0
46455.0
63750.0
18012.0
70481.0
399514.0
376629.0
91376.0
144944.0
56955.0
255329.0
330957.0
35819.0
596987.0
385889.0
121667.0
394678.0
69472.0
109482.0
238409.0
80700.0
97236.0
52082.0
297543.0
95248.0
283435.0
357026.0
31654.0
238.0
291144.0
2340.0
38172.0
86083.0
900.0
141747.0
125834.0
20298.0
18400.0
93408.0
198354.0
113355.0
247613.0
86948.0
30644.0
87709.0
551376.0
412344.0
170.0
141656.0
276947.0
156048.0
148318.0
54825.0
545923.0
116388.0
175802.0
52200.0
56572.0
34866.0
3275.0
103815.0
37272.0
149554.0
40158.0
30906.0
63971.0
176681.0
180314.0
34391.0
95367.0
40922.0
360973.0
409782.0
54150.0
184929.0
383484.0
4696.0
73324.0
52850.0
28175.0
299579.0
337394.0
243635.0
46206.0
39814.0
354825.0
50889.0
146040.0
344723.0
56301.0
1940.0
48741.0
79924.0
54916.0
556990.0
286712.0
229392.0
131766.0
157109.0
344035.0
118324.0
93675.0
22480.0
100529.0
228633.0
439106.0
320517.0
121021.0
90075.0
21947.0
234181.0
426353.0
112664.0
653200.0
31825.0
253461.0
173366.0
546171.0
115410.0
635516.0
380012.0
202614.0
211861.0
318071.0
51578.0
35448.0
48212.0
178889.0
110368.0
69810.0
58656.0
34550.0
127250.0
139022.0
97620.0
505613.0
28526.0
290131.0
48849.0
1200.0
184962.0
67502.0
159912.0
119998.0
1488.0
46342.0
131932.0
266127.0
119943.0
22816.0
38614.0
153332.0
36074.0
145387.0
309816.0
231138.0
750.0
91552.0
53586.0
35772.0
696194.0
140112.0
87849.0
419035.0
164199.0
86802.0
4947.0
273849.0
50005.0
50005.0
144535.0
10938.0
50005.0
149819.0
99687.0
103778.0
50005.0
578346.0
231834.0
221021.0
81497.0
201613.0
47264.0
243528.0
42077.0
98500.0
516157.0
70515.0
53687.0
27478.0
196794.0
106805.0
393054.0
1260.0
176757.0
480055.0
49794.0
44226.0
50005.0
49682.0
309244.0
53325.0
456305.0
54020.0
150495.0
56672.0
49868.0
577419.0
4247.0
144740.0
506324.0
50005.0
342779.0
356224.0
147394.0
64.0
21780.0
21202.0
577788.0
681353.0
194967.0
7650.0
50005.0
694504.0
977225.0
529896.0
749392.0
432255.0
430674.0
312508.0
100731.0
50005.0
187029.0
258465.0
14687.0
32752.0
165130.0
171726.0
50005.0
103434.0
161831.0
249551.0
18563.0
418870.0
18629.0
156198.0
458750.0
346463.0
358615.0
66238.0
116048.0
44776.0
190587.0
120456.0
281997.0
17719.0
205611.0
44718.0
334742.0
211881.0
78825.0
5800.0
24550.0
43696.0
80860.0
396124.0
176829.0
261323.0
190831.0
271693.0
146316.0
119905.0
37903.0
1529.0
10557.0
345564.0
396160.0
96704.0
740914.0
515223.0
604721.0
168487.0
204270.0
125964.0
17793.0
273759.0
65960.0
191751.0
25403.0
78582.0
360783.0
295518.0
63538.0
120977.0
17755.0
18582.0
144259.0
352404.0
107429.0
234287.0
173197.0
95080.0
127188.0
206148.0
237891.0
73548.0
357174.0
293815.0
265098.0
271651.0
43202.0
98447.0
245249.0
134042.0
185280.0
78839.0
7760.0
276847.0
418107.0
10544.0
18553.0
72453.0
204812.0
64737.0
66048.0
22007.0
478427.0
113806.0
117096.0
217410.0
87374.0
99299.0
124111.0
299402.0
29500.0
30275.0
302787.0
72785.0
230277.0
132790.0
94665.0
178259.0
6142.0
132244.0
377658.0
25789.0
290123.0
14300.0
15819.0
77885.0
21041.0
163202.0
575638.0
289095.0
82838.0
43693.0
33698.0
2328.0
19848.0
174013.0
81633.0
46537.0
208266.0
44318.0
1440.0
43386.0
153683.0
1612.0
44923.0
125794.0
36304.0
69095.0
82224.0
25732.0
138858.0
386827.0
68191.0
53753.0
85465.0
171072.0
356969.0
259680.0
243326.0
406062.0
47602.0
40413.0
52159.0
581952.0
15450.0
146547.0
174781.0
95086.0
97904.0
42861.0
104323.0
119920.0
344617.0
247024.0
114621.0
9825.0
139356.0
5400.0
61304.0
76199.0
288405.0
494294.0
8400.0
84509.0
296094.0
375315.0
86209.0
132244.0
219263.0
105349.0
174152.0
295683.0
192621.0
111235.0
34255.0
37360.0
10560.0
45621.0
54975.0
17480.0
97507.0
206221.0
227408.0
197681.0
219623.0
480121.0
52200.0
138389.0
512340.0
159700.0
19879.0
112626.0
87302.0
313351.0
227424.0
191392.0
69970.0
37333.0
165137.0
98398.0
448724.0
115277.0
458378.0
141616.0
350785.0
80107.0
49611.0
334485.0
148369.0
118566.0
86050.0
19665.0
222063.0
288584.0
231184.0
52700.0
312202.0
52943.0
497031.0
53500.0
6764.0
30267.0
187209.0
451038.0
82598.0
107750.0
255570.0
58730.0
97440.0
280020.0
114903.0
52100.0
227546.0
312135.0
61773.0
276355.0
282198.0
64173.0
61611.0
513482.0
485238.0
164403.0
211849.0
396229.0
331887.0
128163.0
95148.0
262796.0
84569.0
264301.0
118540.0
98745.0
177954.0
100818.0
99530.0
40885.0
350692.0
106294.0
134817.0
49450.0
94845.0
27840.0
1615.0
29190.0
91019.0
467178.0
284011.0
130848.0
10890.0
40020.0
85344.0
176622.0
17600.0
153764.0
511650.0
104775.0
762985.0
505423.0
2880.0
989760.0
128310.0
82402.0
37935.0
64520.0
256800.0
67363.0
153203.0
275364.0
27552.0
43530.0
92790.0
50553.0
309435.0
634060.0
344794.0
208972.0
127150.0
72855.0
32670.0
194063.0
485267.0
102805.0
52305.0
163.0
932316.0
426670.0
159330.0
475394.0
1008.0
280.0
49862.0
51985.0
968027.0
380.0
59195.0
107999.0
50005.0
308040.0
74629.0
20457.0
187410.0
14033.0
45837.0
51837.0
153558.0
43680.0
68820.0
76956.0
322077.0
102665.0
33830.0
51051.0
924403.0
46494.0
22044.0
284178.0
240899.0
5490.0
262232.0
172915.0
173134.0
12175.0
47316.0
59401.0
203230.0
86978.0
43334.0
6369.0
74622.0
15800.0
681335.0
69084.0
202752.0
612868.0
127966.0
540.0
170555.0
130901.0
73318.0
56933.0
44141.0
300481.0
399996.0
540.0
20286.0
536298.0
519705.0
464346.0
365069.0
34716.0
100249.0
105129.0
84508.0
2775.0
18563.0
235190.0
109036.0
321101.0
43866.0
67802.0
20276.0
32100.0
101315.0
833627.0
162819.0
237841.0
261207.0
43460.0
38199.0
22837.0
161917.0
228552.0
29560.0
335393.0
34809.0
221141.0
46437.0
2116.0
402799.0
19152.0
129877.0
45059.0
79071.0
54945.0
130975.0
177853.0
12891.0
82909.0
30172.0
185434.0
19900.0
5415.0
10266.0
163021.0
11492.0
125526.0
645024.0
112554.0
200700.0
90700.0
249709.0
360217.0
111066.0
98929.0
2775.0
212010.0
38145.0
136952.0
70638.0
611065.0
283038.0
176284.0
13832.0
294233.0
216903.0
39326.0
224699.0
76367.0
99293.0
90755.0
55685.0
39828.0
110970.0
51837.0
204860.0
396503.0
19009.0
29661.0
51675.0
13232.0
22355.0
36450.0
134831.0
1638087.0
60698.0
173282.0
101731.0
23404.0
29011.0
58058.0
248550.0
220998.0
377173.0
42541.0
1551020.0
2816.0
671815.0
139805.0
48292.0
94363.0
13005.0
152879.0
174110.0
53576.0
50950.0
17898.0
156990.0
502466.0
28656.0
445515.0
164486.0
74586.0
468802.0
138678.0
56171.0
13882.0
87488.0
111564.0
280247.0
70668.0
400879.0
94019.0
113511.0
363816.0
143860.0
5236.0
117633.0
40452.0
39100.0
33200.0
94143.0
285219.0
370.0
16037.0
11646.0
63597.0
15372.0
65578.0
28979.0
77639.0
931.0
31825.0
84769.0
553858.0
66745.0
123781.0
94901.0
30991.0
37450.0
251736.0
182956.0
318808.0
2000.0
28969.0
210850.0
11518.0
22977.0
514427.0
20214.0
65505.0
50255.0
4520.0
84262.0
2275.0
213045.0
114950.0
108656.0
5309.0
81572.0
645521.0
379166.0
137534.0
109737.0
491286.0
149264.0
167282.0
2015.0
1862.0
34772.0
33712.0
5025.0
14831.0
71151.0
342146.0
61415.0
373629.0
136638.0
69782.0
267743.0
103857.0
74039.0
136471.0
156229.0
40831.0
38569.0
45133.0
6401.0
43861.0
141797.0
106082.0
51611.0
66347.0
301235.0
31442.0
71125.0
111443.0
13525.0
138164.0
84309.0
103540.0
68620.0
54375.0
67400.0
247124.0
55960.0
166909.0
137078.0
325867.0
48147.0
56715.0
251959.0
96703.0
91685.0
88427.0
52152.0
51993.0
69302.0
18250.0
276138.0
329780.0
54995.0
56798.0
11146.0
125958.0
265789.0
88150.0
2880.0
95052.0
176061.0
52304.0
100643.0
54068.0
138537.0
124510.0
116596.0
54780.0
54500.0
69150.0
146479.0
35975.0
189834.0
55200.0
54025.0
133261.0
148618.0
64991.0
222893.0
53500.0
200633.0
295414.0
87975.0
54390.0
175480.0
125370.0
98293.0
238133.0
5200.0
51437.0
186497.0
59480.0
64200.0
75680.0
137797.0
114926.0
208331.0
5200.0
221585.0
142732.0
108196.0
230222.0
172445.0
61527.0
54650.0
89584.0
132596.0
113684.0
70575.0
111912.0
254396.0
364787.0
56370.0
54750.0
105839.0
18350.0
129492.0
282406.0
82480.0
54400.0
99112.0
135694.0
5200.0
99873.0
104880.0
100010.0
49682.0
267198.0
49555.0
936.0
246359.0
390192.0
50264.0
355549.0
26463.0
155973.0
203125.0
5951.0
848.0
150060.0
46682.0
419327.0
4446.0
54725.0
51413.0
1400.0
376202.0
263734.0
95283.0
47387.0
6900.0
636943.0
146040.0
432481.0
173476.0
112203.0
540934.0
105756.0
12177.0
287944.0
5964.0
99797.0
78165.0
5814.0
35334.0
309.0
374340.0
51010.0
244156.0
182792.0
23985.0
59780.0
50005.0
104773.0
147098.0
112747.0
41285.0
10602.0
21756.0
50181.0
28929.0
12635.0
161106.0
23389.0
24605.0
65655.0
69325.0
431591.0
77.0
3392.0
137081.0
101587.0
723164.0
2571.0
221557.0
36450.0
67204.0
16775.0
334092.0
49850.0
54180.0
7881.0
282659.0
24906.0
36315.0
181792.0
81493.0
371132.0
95334.0
25110.0
4750.0
38406.0
121026.0
399832.0
32392.0
124527.0
233048.0
83967.0
21280.0
62550.0
101714.0
18525.0
45606.0
107261.0
177981.0
51321.0
152005.0
156798.0
187597.0
27006.0
17537.0
160832.0
40455.0
257629.0
18401.0
80712.0
43700.0
6697.0
11485.0
128437.0
77029.0
199988.0
345836.0
27869.0
121790.0
76528.0
25679.0
8300.0
14335.0
67394.0
125806.0
98938.0
152889.0
314262.0
26020.0
85825.0
153685.0
41470.0
22486.0
210216.0
71373.0
90350.0
120387.0
61470.0
48416.0
80889.0
44458.0
138602.0
232432.0
55988.0
77030.0
51366.0
20729.0
32205.0
34126.0
30875.0
70034.0
29350.0
25937.0
9300.0
52388.0
12578.0
167271.0
212647.0
66550.0
50300.0
27844.0
151062.0
144433.0
188436.0
52750.0
90916.0
8700.0
140552.0
108150.0
30248.0
210648.0
100080.0
30410.0
178849.0
129221.0
86868.0
173141.0
56819.0
156785.0
81973.0
18.0
90465.0
134557.0
18525.0
89060.0
181724.0
74748.0
245808.0
40693.0
5712.0
45196.0
50005.0
15618.0
334723.0
50005.0
366982.0
54581.0
146084.0
423170.0
331349.0
3256.0
465098.0
174884.0
19038.0
277.0
226694.0
38595.0
12635.0
100010.0
22993.0
142000.0
375997.0
99188.0
148586.0
79634.0
50005.0
148828.0
372490.0
427835.0
169444.0
21760.0
51139.0
1140.0
1233.0
358684.0
132369.0
1254.0
520085.0
268013.0
28550.0
100545.0
59346.0
50005.0
11784.0
229132.0
55187.0
50005.0
36718.0
270550.0
2581.0
160560.0
172164.0
48331.0
172213.0
381242.0
69750.0
150045.0
29895.0
31140.0
90550.0
50830.0
33775.0
63420.0
54450.0
72700.0
112253.0
244705.0
72670.0
106020.0
86694.0
85775.0
154976.0
133420.0
180.0
118317.0
285744.0
13365.0
247177.0
149510.0
243728.0
120264.0
54600.0
167321.0
432861.0
54240.0
147049.0
19550.0
60600.0
208917.0
259808.0
109900.0
36500.0
207634.0
205011.0
226358.0
106680.0
72288.0
72900.0
54120.0
50005.0
96714.0
97880.0
363153.0
27240.0
18207.0
421243.0
227626.0
76874.0
179910.0
60860.0
286200.0
27285.0
80048.0
98008.0
55516.0
385093.0
149604.0
97090.0
16439.0
49697.0
814070.0
96640.0
129654.0
90117.0
34969.0
59806.0
110353.0
284007.0
179986.0
137801.0
145973.0
147414.0
84529.0
73695.0
270911.0
39091.0
43226.0
52596.0
27659.0
149109.0
50005.0
48408.0
19627.0
50005.0
143615.0
98434.0
192520.0
106499.0
175309.0
12312.0
138627.0
85614.0
582306.0
42705.0
4300.0
157844.0
49997.0
100010.0
184328.0
333614.0
50005.0
145223.0
61855.0
425732.0
24912.0
12445.0
281036.0
239281.0
9310.0
58404.0
111929.0
163044.0
19266.0
50005.0
49793.0
12245.0
192612.0
10393.0
2775.0
41366.0
145082.0
24592.0
155.0
24998.0
35631.0
33143.0
37682.0
109164.0
162250.0
29540.0
34346.0
20412.0
98269.0
4352.0
42198.0
26099.0
53335.0
48950.0
45350.0
21300.0
115068.0
59332.0
150927.0
28651.0
369446.0
122594.0
60967.0
2775.0
45234.0
77108.0
70404.0
25.0
173630.0
24969.0
172436.0
39886.0
10397.0
25955.0
34965.0
36217.0
191215.0
49936.0
99736.0
13750.0
49855.0
83835.0
1225.0
120921.0
1620.0
119165.0
50005.0
1776.0
50005.0
692869.0
115.0
199303.0
49868.0
680973.0
554515.0
152.0
151830.0
42108.0
62365.0
20416.0
113256.0
42050.0
41100.0
1643.0
2850.0
45050.0
72600.0
55338.0
72600.0
42050.0
72600.0
93775.0
63738.0
42108.0
54929.0
118260.0
77.0
42276.0
70530.0
49806.0
72950.0
72600.0
198654.0
79218.0
36048.0
42050.0
6678.0
72600.0
239070.0
26944.0
82414.0
145251.0
69983.0
50841.0
72600.0
65650.0
125596.0
48103.0
42108.0
54235.0
928.0
72250.0
42021.0
39855.0
47119.0
42050.0
47777.0
49123.0
42245.0
164051.0
34085.0
118260.0
281394.0
53449.0
773172.0
289402.0
444285.0
76140.0
341970.0
59049.0
18125.0
313435.0
25399.0
63691.0
242352.0
147420.0
102813.0
141083.0
2546.0
62634.0
47085.0
88808.0
5104.0
245818.0
503.0
108921.0
56434.0
156408.0
143704.0
117023.0
3979.0
14791.0
54368.0
106080.0
288.0
124832.0
50005.0
101038.0
40237.0
42705.0
62568.0
144399.0
317380.0
19720.0
44671.0
205.0
10304.0
99804.0
10296.0
205.0
105860.0
15255.0
36400.0
26536.0
783107.0
66415.0
1180125.0
1490185.0
121606.0
141624.0
46500.0
1891609.0
48662.0
111264.0
61248.0
47840.0
45384.0
144605.0
65178.0
184999.0
17537.0
64684.0
51780.0
9414.0
40761.0
18506.0
9414.0
2479.0
128.0
24378.0
2479.0
22629.0
78990.0
10773.0
2147.0
128717.0
29478.0
50005.0
149656.0
79120.0
6160.0
99736.0
258081.0
54074.0
50005.0
50005.0
50005.0
1176.0
55272.0
22667.0
50005.0
50005.0
152.0
137389.0
1653.0
50005.0
15856.0
85387.0
3790.0
249598.0
144716.0
103563.0
18665.0
319253.0
128.0
14400.0
53520.0
130288.0
505394.0
144573.0
53280.0
24642.0
24642.0
30480.0
16707.0
131993.0
177169.0
499137.0
322152.0
136806.0
16225.0
97027.0
49945.0
50005.0
633282.0
49922.0
5206.0
25792.0
132192.0
49868.0
45942.0
610776.0
260.0
304525.0
77.0
260.0
589774.0
120034.0
31200.0
395598.0
360.0
52976.0
398595.0
10468.0
281073.0
40050.0
662084.0
33960.0
41268.0
7790.0
72600.0
112227.0
121252.0
94210.0
56220.0
83136.0
77528.0
39648.0
41035.0
44458.0
27590.0
114506.0
34669.0
60425.0
33.0
91639.0
54500.0
137973.0
103879.0
70121.0
18524.0
30037.0
44529.0
130911.0
1419.0
61337.0
149214.0
16966.0
41671.0
64825.0
24330.0
5371.0
138020.0
129338.0
48499.0
41695.0
6860.0
31981.0
21453.0
66057.0
90522.0
1400.0
80532.0
101336.0
68660.0
64957.0
16329.0
45557.0
30782.0
71572.0
41292.0
81764.0
128500.0
102417.0
33627.0
56110.0
93635.0
246626.0
16331.0
74350.0
63826.0
31746.0
49001.0
1054.0
60155.0
22453.0
43520.0
76936.0
28661.0
100.0
28721.0
34657.0
67763.0
102745.0
42974.0
35663.0
1050.0
30531.0
16020.0
80932.0
9259.0
63128.0
43486.0
39972.0
88433.0
525.0
59654.0
9028.0
52180.0
22271.0
99837.0
526180.0
99721.0
324653.0
243766.0
1276157.0
165126.0
382907.0
195608.0
49697.0
88580.0
904306.0
168755.0
534495.0
170892.0
312509.0
143310.0
298406.0
49967.0
49847.0
22287.0
10013.0
22629.0
96220.0
95626.0
131643.0
88707.0
176.0
25653.0
96996.0
144093.0
10545.0
99449.0
24704.0
1392.0
50005.0
63020.0
97955.0
235762.0
50005.0
16872.0
22976.0
49799.0
4816.0
41699.0
16150.0
28712.0
9125.0
11200.0
9046.0
22784.0
24960.0
85.0
16650.0
49868.0
152.0
45260.0
52.0
267179.0
19890.0
36830.0
456334.0
540.0
154.0
586175.0
8950.0
260.0
152.0
62.0
1925.0
1075.0
3604.0
47779.0
25004.0
93842.0
110821.0
62.0
46040.0
289.0
294941.0
328662.0
555307.0
252063.0
335576.0
314848.0
276585.0
286957.0
629501.0
372439.0
66700.0
70.0
8626.0
28855.0
18738.0
181386.0
44552.0
93839.0
81893.0
19456.0
13926.0
90483.0
13205.0
25758.0
17841.0
7392.0
246027.0
42545.0
15637.0
540.0
87168.0
68632.0
10080.0
29108.0
500.0
17803.0
124040.0
178258.0
92532.0
3240.0
3315.0
34650.0
37348.0
114195.0
21201.0
14288.0
67727.0
31260.0
14240.0
37888.0
15922.0
18126.0
34424.0
50269.0
350.0
10564.0
17423.0
13319.0
14601.0
17128.0
91010.0
81432.0
10535.0
16800.0
11143.0
64.0
21447.0
20349.0
3315.0
183580.0
16362.0
49936.0
2035.0
50005.0
99462.0
10013.0
141266.0
66518.0
18202.0
166299.0
16187.0
58603.0
61498.0
86205.0
3756.0
158238.0
499335.0
5586.0
52367.0
146548.0
4970.0
82629.0
81720.0
8229.0
40746.0
24480.0
50005.0
19496.0
137209.0
41670.0
83192.0
96921.0
78474.0
34366.0
34966.0
57900.0
9162.0
74906.0
2257.0
788.0
37.0
1424.0
1949.0
92437.0
85.0
10721.0
1260.0
47570.0
49770.0
15474.0
15448.0
350.0
11840.0
73094.0
6525.0
8768.0
20349.0
12996.0
361.0
2978.0
6773.0
17100.0
20539.0
38668.0
190.0
15551.0
20349.0
30860.0
17290.0
20636.0
6408.0
181944.0
55551.0
720.0
50283.0
2720.0
32944.0
629.0
5720.0
9920.0
720.0
5800.0
37.0
14506.0
52259.0
725.0
740.0
1517.0
1491.0
462.0
18633.0
5550.0
1554.0
7942.0
340.0
28.0
180.0
5719.0
450.0
275.0
345.0
1029.0
90.0
13561.0
5316.0
1794.0
1091.0
2958.0
190.0
11187.0
2736.0
10013.0
11267.0
3996.0
36720.0
900.0
350.0
6816.0
900.0
83361.0
19261.0
17858.0
1957.0
1350.0
156.0
1350.0
21394.0
1404.0
1110.0
34340.0
34340.0
14550.0
720.0
25954.0
31394.0
45916.0
11223.0
62712.0
41854.0
5472.0
121164.0
41953.0
3650.0
12070.0
85.0
5301.0
28.0
696.0
9450.0
1888.0
19270.0
21338.0
540.0
11976.0
11576.0
10856.0
9416.0
10472.0
1080.0
170.0
817.0
74.0
20995.0
945.0
152.0
171.0
2698.0
19.0
10323.0
720.0
44795.0
15552.0
2032.0
44187.0
18341.0
19132.0
14259.0
17544.0
17800.0
50301.0
41629.0
11220.0
350.0
11084.0
55729.0
1124.0
37350.0
69430.0
360.0
720.0
24642.0
817.0
2375.0
8996.0
8823.0
37494.0
350.0
1871.0
1878.0
3161.0
9792.0
9101.0
3051.0
5355.0
6102.0
6300.0
10401.0
2922.0
7460.0
12311.0
12856.0
6613.0
350.0
2567.0
1507.0
425.0
17428.0
119131.0
11072.0
32760.0
9.0
8742.0
12351.0
8868.0
2946.0
43100.0
15660.0
3991.0
18703.0
9244.0
2997.0
5943.0
7591.0
15099.0
43877.0
1054.0
777.0
808.0
4913.0
22.0
350.0
6222.0
6094.0
7598.0
5338.0
6496.0
5204.0
13158.0
15062.0
1642.0
13438.0
13462.0
27339.0
779.0
17646.0
86.0
53716.0
26875.0
350.0
6568.0
18.0
350.0
12410.0
32640.0
19890.0
19575.0
14721.0
3709.0
7448.0
2726.0
23009.0
3037.0
67466.0
256.0
43666.0
35109.0
360.0
540.0
43741.0
4161.0
12877.0
9414.0
6142.0
17611.0
2584.0
13383.0
170.0
1260.0
810.0
41953.0
900.0
170.0
540.0
870.0
870.0
4513.0
41437.0
6363.0
41629.0
3615.0
20587.0
17289.0
1853.0
935.0
24803.0
1548.0
12886.0
12410.0
32674.0
1419.0
35819.0
624.0
17328.0
14280.0
9571.0
8152.0
9776.0
34960.0
8760.0
30906.0
9079.0
78.0
11192.0
6945.0
1957.0
7416.0
11229.0
1548.0
2218.0
952.0
952.0
1833.0
3686.0
3154.0
5491.0
11217.0
20392.0
8148.0
10098.0
288.0
1822.0
1548.0
11625.0
11036.0
2188.0
1691.0
600.0
12103.0
5244.0
9414.0
5871.0
18012.0
5301.0
12236.0
14525.0
15940.0
16664.0
6645.0
1565.0
8788.0
7700.0
13757.0
416.0
16664.0
1565.0
1044.0
7205.0
12730.0
15741.0
3130.0
1596.0
9.0
945.0
11343.0
3106.0
14002.0
12179.0
14829.0
5567.0
47.0
2185.0
9547.0
13479.0
9177.0
6568.0
10267.0
231.0
2660.0
1504.0
8600.0
4722.0
4880.0
4734.0
2750.0
6961.0
7903.0
1305.0
855.0
9414.0
12311.0
12311.0
12226.0
6300.0
4909.0
4225.0
6645.0
1951.0
6821.0
416.0
11036.0
6443.0
10809.0
3079.0
10649.0
7460.0
10401.0
3161.0
7405.0
9910.0
1408.0
8760.0
1476.0
7700.0
2992.0
6785.0
7077.0
8053.0
7598.0

