0.0
0.0
0.0
0.0
0.0
0.0
0.0
0.0
0.0
0.0
0.0
0.0
0.0
0.0
0.0
0.0
0.0
0.0
0.0
0.0
0.0
0.0
0.0
0.0
0.0
0.0
0.0
0.0
0.0
0.0
0.0
0.0
0.0
0.0
0.0
0.0
0.0
0.0
0.0
0.0
0.0
0.0
0.0
0.0
0.0
0.0
0.0
0.0
0.0
0.0
0.0
0.0
0.0
0.0
0.0
0.0
0.0
0.0
0.0
0.0
0.0
0.0
0.0
0.0
0.0
0.0
0.0
0.0
0.0
0.0
0.0
0.0
0.0
0.0
0.0
0.0
0.0
0.0
0.0
0.0
0.0
0.0
0.0
0.0
0.0
0.0
0.0
0.0
0.0
0.0
0.0
0.0
0.0
0.0
0.0
0.0
0.0
0.0
0.0
0.0
0.0
0.0
0.0
0.0
0.0
0.0
0.0
0.0
0.0
0.0
0.0
0.0
0.0
0.0
0.0
0.0
0.0
0.0
0.0
0.0
0.0
0.0
0.0
0.0
0.0
0.0
0.0
0.0
0.0
0.0
0.0
0.0
0.0
0.0
0.0
0.0
0.0
0.0
0.0
0.0
0.0
0.0
0.0
0.0
0.0
0.0
0.0
0.0
0.0
0.0
0.0
0.0
0.0
0.0
0.0
0.0
0.0
0.0
0.0
0.0
0.0
0.0
0.0
0.0
0.0
0.0
0.0
0.0
0.0
0.0
0.0
0.0
0.0
0.0
0.0
0.0
0.0
0.0
0.0
0.0
0.0
0.0
0.0
0.0
0.0
0.0
0.0
0.0
0.0
0.0
0.0
0.0
0.0
0.0
0.0
0.0
0.0
0.0
0.0
0.0
0.0
0.0
0.0
0.0
0.0
0.0
0.0
0.0
0.0
0.0
0.0
0.0
0.0
0.0
0.0
0.0
0.0
0.0
0.0
0.0
0.0
0.0
0.0
0.0
0.0
0.0
0.0
0.0
0.0
0.0
0.0
0.0
0.0
0.0
0.0
0.0
0.0
0.0
0.0
0.0
0.0
0.0
0.0
0.0
0.0
0.0
0.0
0.0
0.0
0.0
0.0
0.0
0.0
0.0
0.0
0.0
0.0
0.0
0.0
0.0
0.0
0.0
0.0
0.0
0.0
0.0
0.0
0.0
0.0
0.0
0.0
2.0E-6
2.0E-6
2.0E-6
2.0E-6
2.0E-6
2.0E-6
2.0E-6
2.0E-6
2.0E-6
2.0E-6
2.0E-6
2.0E-6
2.0E-6
2.0E-6
2.0E-6
2.0E-6
2.0E-6
2.0E-6
2.0E-6
2.0E-6
2.0E-6
2.0E-6
2.0E-6
2.0E-6
2.0E-6
2.0E-6
2.0E-6
2.0E-6
2.0E-6
2.0E-6
2.0E-6
2.0E-6
2.0E-6
2.0E-6
2.0E-6
2.0E-6
2.0E-6
2.0E-6
2.0E-6
2.0E-6
2.0E-6
2.0E-6
2.0E-6
2.0E-6
2.0E-6
2.0E-6
2.0E-6
2.0E-6
2.0E-6
2.0E-6
2.0E-6
2.0E-6
2.0E-6
2.0E-6
2.0E-6
2.0E-6
2.0E-6
2.0E-6
2.0E-6
2.0E-6
2.0E-6
2.0E-6
2.0E-6
2.0E-6
2.0E-6
2.0E-6
2.0E-6
2.0E-6
2.0E-6
2.0E-6
2.0E-6
2.0E-6
2.0E-6
2.0E-6
2.0E-6
2.0E-6
2.0E-6
2.0E-6
2.0E-6
2.0E-6
2.0E-6
2.0E-6
4.0E-6
4.0E-6
4.0E-6
4.0E-6
4.0E-6
4.0E-6
4.0E-6
4.0E-6
4.0E-6
4.0E-6
4.0E-6
4.0E-6
4.0E-6
4.0E-6
4.0E-6
4.0E-6
4.0E-6
4.0E-6
4.0E-6
4.0E-6
4.0E-6
4.0E-6
4.0E-6
4.0E-6
4.0E-6
4.0E-6
4.0E-6
4.0E-6
4.0E-6
4.0E-6
4.0E-6
4.0E-6
4.0E-6
4.0E-6
4.0E-6
4.0E-6
4.0E-6
4.0E-6
4.0E-6
4.0E-6
4.0E-6
4.0E-6
4.0E-6
4.0E-6
4.0E-6
4.0E-6
6.0E-6
6.0E-6
6.0E-6
6.0E-6
6.0E-6
6.0E-6
6.0E-6
6.0E-6
6.0E-6
6.0E-6
6.0E-6
6.0E-6
6.0E-6
6.0E-6
6.0E-6
6.0E-6
6.0E-6
6.0E-6
6.0E-6
6.0E-6
8.0E-6
8.0E-6
8.0E-6
8.0E-6
8.0E-6
8.0E-6
8.0E-6
8.0E-6
8.0E-6
8.0E-6
8.0E-6
8.0E-6
8.0E-6
8.0E-6
8.0E-6
8.0E-6
8.0E-6
8.0E-6
8.0E-6
8.0E-6
8.0E-6
9.999999999999999E-6
9.999999999999999E-6
9.999999999999999E-6
9.999999999999999E-6
9.999999999999999E-6
9.999999999999999E-6
9.999999999999999E-6
9.999999999999999E-6
9.999999999999999E-6
9.999999999999999E-6
9.999999999999999E-6
9.999999999999999E-6
9.999999999999999E-6
9.999999999999999E-6
9.999999999999999E-6
9.999999999999999E-6
9.999999999999999E-6
9.999999999999999E-6
9.999999999999999E-6
1.2E-5
1.2E-5
1.2E-5
1.2E-5
1.2E-5
1.2E-5
1.2E-5
1.2E-5
1.2E-5
1.2E-5
1.2E-5
1.2E-5
1.2E-5
1.2E-5
1.2E-5
1.2E-5
1.2E-5
1.4E-5
1.4E-5
1.4E-5
1.4E-5
1.4E-5
1.4E-5
1.4E-5
1.6E-5
1.6E-5
1.6E-5
1.6E-5
1.6E-5
1.6E-5
1.6E-5
1.6E-5
1.6E-5
1.6E-5
1.6E-5
1.6E-5
1.6E-5
1.6E-5
1.6E-5
1.6E-5
1.8E-5
1.8E-5
1.8E-5
1.8E-5
1.8E-5
1.8E-5
1.8E-5
1.8E-5
1.9999999999999998E-5
1.9999999999999998E-5
1.9999999999999998E-5
1.9999999999999998E-5
1.9999999999999998E-5
1.9999999999999998E-5
1.9999999999999998E-5
1.9999999999999998E-5
1.9999999999999998E-5
1.9999999999999998E-5
1.9999999999999998E-5
1.9999999999999998E-5
2.2E-5
2.2E-5
2.2E-5
2.2E-5
2.2E-5
2.2E-5
2.4E-5
2.4E-5
2.4E-5
2.4E-5
2.4E-5
2.6E-5
2.8E-5
2.8E-5
2.8E-5
2.8E-5
2.8E-5
2.9999999999999997E-5
2.9999999999999997E-5
2.9999999999999997E-5
2.9999999999999997E-5
2.9999999999999997E-5
2.9999999999999997E-5
2.9999999999999997E-5
3.2E-5
3.2E-5
3.2E-5
3.4E-5
3.4E-5
3.6E-5
3.6E-5
3.6E-5
3.6E-5
3.6E-5
3.7999999999999995E-5
3.7999999999999995E-5
3.7999999999999995E-5
3.7999999999999995E-5
3.7999999999999995E-5
3.9999999999999996E-5
3.9999999999999996E-5
3.9999999999999996E-5
4.2E-5
4.2E-5
4.4E-5
4.4E-5
4.4E-5
4.8E-5
4.8E-5
4.8E-5
4.8E-5
4.8E-5
4.8E-5
4.9999999999999996E-5
5.2E-5
5.2E-5
5.4E-5
5.4E-5
5.6E-5
5.6E-5
5.6E-5
5.8E-5
5.9999999999999995E-5
5.9999999999999995E-5
6.4E-5
6.4E-5
6.4E-5
6.599999999999999E-5
6.599999999999999E-5
6.8E-5
7.0E-5
7.2E-5
7.599999999999999E-5
7.8E-5
7.999999999999999E-5
8.4E-5
8.8E-5
8.8E-5
8.8E-5
8.8E-5
1.08E-4
1.08E-4
1.0999999999999999E-4
1.0999999999999999E-4
1.12E-4
1.16E-4
1.22E-4
1.4E-4
1.4199999999999998E-4
1.44E-4
1.46E-4
1.5199999999999998E-4
1.58E-4
1.5999999999999999E-4
1.64E-4
1.66E-4
1.68E-4
1.6999999999999999E-4
1.7199999999999998E-4
1.74E-4
1.74E-4
1.76E-4
1.78E-4
1.84E-4
1.84E-4
1.86E-4
1.92E-4
1.9999999999999998E-4
2.12E-4
2.16E-4
2.1999999999999998E-4
2.1999999999999998E-4
2.24E-4
2.2799999999999999E-4
2.3799999999999998E-4
2.3999999999999998E-4
2.44E-4
2.52E-4
2.52E-4
2.54E-4
2.8E-4
2.8E-4
3.0E-4
3.12E-4
3.16E-4
3.18E-4
3.5999999999999997E-4
3.66E-4
3.86E-4
3.96E-4
4.12E-4
4.1999999999999996E-4
4.24E-4
4.3599999999999997E-4
4.72E-4
4.7599999999999997E-4
4.7999999999999996E-4
4.86E-4
5.08E-4
5.16E-4
5.22E-4
5.34E-4
5.6E-4
5.72E-4
5.76E-4
5.84E-4
6.28E-4
6.479999999999999E-4
6.6E-4
7.32E-4
7.379999999999999E-4
7.419999999999999E-4
7.54E-4
7.639999999999999E-4
8.179999999999999E-4
8.579999999999999E-4
8.719999999999999E-4
8.759999999999999E-4
8.86E-4
9.0E-4
9.48E-4
9.78E-4
9.9E-4
0.001024
0.001026
0.001036
0.00109
0.001104
0.001122
0.001124
0.001126
0.001188
0.001218
0.001256
0.001266
0.001286
0.00137
0.0013959999999999999
0.00142
0.001472
0.001496
0.00153
0.001552
0.00156
0.001596
0.001598
0.001632
0.0016799999999999999
0.0016879999999999998
0.0017499999999999998
0.001754
0.001782
0.0017879999999999999
0.0018219999999999998
0.0018239999999999999
0.001826
0.001826
0.0018299999999999998
0.0018319999999999999
0.001834
0.001838
0.001846
0.0018759999999999998
0.0018859999999999999
0.0018859999999999999
0.0019039999999999999
0.001908
0.0019099999999999998
0.001918
0.0019219999999999999
0.0019279999999999998
0.0019279999999999998
0.001932
0.001932
0.001942
0.001942
0.001942
0.001944
0.0019459999999999998
0.001952
0.001954
0.001954
0.001954
0.001954
0.001956
0.001958
0.0019619999999999998
0.001964
0.001964
0.001966
0.0019679999999999997
0.0019679999999999997
0.0019679999999999997
0.0019679999999999997
0.0019679999999999997
0.00197
0.00197
0.00197
0.00197
0.001972
0.001974
0.001974
0.001976
0.001976
0.001976
0.001976
0.001976
0.001976
0.001976
0.0019779999999999997
0.0019779999999999997
0.0019779999999999997
0.0019779999999999997
0.0019779999999999997
0.0019779999999999997
0.00198
0.00198
0.00198
0.00198
0.00198
0.00198
0.00198
0.00198
0.00198
0.001982
0.001982
0.001982
0.001982
0.001982
0.001982
0.001982
0.001982
0.001984
0.001984
0.001984
0.001984
0.001986
0.001986
0.001986
0.001986
0.001986
0.001986
0.001986
0.001986
0.001986
0.001986
0.001986
0.0019879999999999997
0.0019879999999999997
0.0019879999999999997
0.0019879999999999997
0.0019879999999999997
0.0019879999999999997
0.0019879999999999997
0.0019879999999999997
0.0019879999999999997
0.0019879999999999997
0.0019879999999999997
0.0019879999999999997
0.0019879999999999997
0.0019879999999999997
0.0019879999999999997
0.0019879999999999997
0.0019879999999999997
0.0019879999999999997
0.0019879999999999997
0.0019879999999999997
0.00199
0.00199
0.00199
0.00199
0.00199
0.00199
0.00199
0.00199
0.00199
0.00199
0.00199
0.00199
0.001992
0.001992
0.001992
0.001992
0.001992
0.001992
0.001992
0.001992
0.001992
0.001992
0.001992
0.001992
0.001992
0.001992
0.001992
0.001992
0.001992
0.001992
0.001992
0.001994
0.001994
0.001994
0.001994
0.001994
0.001994
0.001994
0.001994
0.001994
0.001994
0.001994
0.001994
0.001994
0.001994
0.001994
0.001994
0.001994
0.001994
0.001994
0.001994
0.001994
0.001994
0.001994
0.001994
0.001994
0.001994
0.001994
0.001994
0.001994
0.001994
0.001994
0.001994
0.001994
0.001994
0.001994
0.001994
0.001994
0.001994
0.001994
0.001994
0.001994
0.001994
0.001994
0.001994
0.001994
0.001994
0.001994
0.001994
0.001994
0.001994
0.001994
0.001996
0.001996
0.001996
0.001996
0.001996
0.001996
0.001996
0.001996
0.001996
0.001996
0.001996
0.001996
0.001996
0.001996
0.001996
0.001996
0.001996
0.001996
0.001996
0.001996
0.001996
0.001996
0.001996
0.001996
0.001996
0.001996
0.001996
0.001996
0.001996
0.001996
0.001996
0.001996
0.001996
0.001996
0.001996
0.001996
0.001996
0.001996
0.001996
0.001996
0.001996
0.001996
0.001996
0.001996
0.001996
0.001996
0.001996
0.001996
0.001996
0.001996
0.001996
0.001996
0.001996
0.001996
0.001996
0.001996
0.001996
0.001996
0.001996
0.001996
0.001996
0.001996
0.001996
0.001996
0.001996
0.001996
0.001996
0.001996
0.001996
0.001996
0.001996
0.001996
0.001996
0.001996
0.001996
0.001996
0.001996
0.001996
0.001996
0.001996
0.001996
0.001996
0.001996
0.001996
0.001996
0.001996
0.001996
0.001996
0.001996
0.001996
0.001996
0.001996
0.001996
0.001996
0.001996
0.001996
0.001996
0.001996
0.001996
0.001996
0.001996
0.001996
0.001996
0.001996
0.001996
0.001996
0.001996
0.001996
0.001996
0.001996
0.001996
0.001996
0.001996
0.001996
0.001996
0.001996
0.001996
0.001996
0.001996
0.001996
0.001996
0.001996
0.001996
0.001996
0.0019979999999999998
0.0019979999999999998
0.0019979999999999998
0.0019979999999999998
0.0019979999999999998
0.0019979999999999998
0.0019979999999999998
0.0019979999999999998
0.0019979999999999998
0.0019979999999999998
0.0019979999999999998
0.0019979999999999998
0.0019979999999999998
0.0019979999999999998
0.0019979999999999998
0.0019979999999999998
0.0019979999999999998
0.0019979999999999998
0.0019979999999999998
0.0019979999999999998
0.0019979999999999998
0.0019979999999999998
0.0019979999999999998
0.0019979999999999998
0.0019979999999999998
0.0019979999999999998
0.0019979999999999998
0.0019979999999999998
0.0019979999999999998
0.0019979999999999998
0.0019979999999999998
0.0019979999999999998
0.0019979999999999998
0.0019979999999999998
0.0019979999999999998
0.0019979999999999998
0.0019979999999999998
0.0019979999999999998
0.0019979999999999998
0.0019979999999999998
0.0019979999999999998
0.0019979999999999998
0.0019979999999999998
0.0019979999999999998
0.0019979999999999998
0.0019979999999999998
0.0019979999999999998
0.0019979999999999998
0.0019979999999999998
0.0019979999999999998
0.0019979999999999998
0.0019979999999999998
0.0019979999999999998
0.0019979999999999998
0.0019979999999999998
0.0019979999999999998
0.0019979999999999998
0.0019979999999999998
0.0019979999999999998
0.0019979999999999998
0.0019979999999999998
0.0019979999999999998
0.0019979999999999998
0.0019979999999999998
0.0019979999999999998
0.0019979999999999998
0.0019979999999999998
0.0019979999999999998
0.0019979999999999998
0.0019979999999999998
0.0019979999999999998
0.0019979999999999998
0.0019979999999999998
0.0019979999999999998
0.0019979999999999998
0.0019979999999999998
0.0019979999999999998
0.0019979999999999998
0.0019979999999999998
0.0019979999999999998
0.0019979999999999998
0.0019979999999999998
0.0019979999999999998
0.0019979999999999998
0.0019979999999999998
0.0019979999999999998
0.0019979999999999998
0.0019979999999999998
0.0019979999999999998
0.0019979999999999998
0.0019979999999999998
0.0019979999999999998
0.0019979999999999998
0.0019979999999999998
0.0019979999999999998
0.0019979999999999998
0.0019979999999999998
0.0019979999999999998
0.0019979999999999998
0.0019979999999999998
0.0019979999999999998
0.0019979999999999998
0.0019979999999999998
0.0019979999999999998
0.0019979999999999998
0.0019979999999999998
0.0019979999999999998
0.0019979999999999998
0.0019979999999999998
0.0019979999999999998
0.0019979999999999998
0.0019979999999999998
0.0019979999999999998
0.0019979999999999998
0.0019979999999999998
0.0019979999999999998
0.0019979999999999998
0.0019979999999999998
0.0019979999999999998
0.0019979999999999998
0.0019979999999999998
0.0019979999999999998
0.0019979999999999998
0.0019979999999999998
0.0019979999999999998
0.0019979999999999998
0.0019979999999999998
0.0019979999999999998
0.0019979999999999998
0.0019979999999999998
0.0019979999999999998
0.0019979999999999998
0.0019979999999999998
0.0019979999999999998
0.0019979999999999998
0.0019979999999999998
0.0019979999999999998
0.0019979999999999998
0.0019979999999999998
0.0019979999999999998
0.0019979999999999998
0.0019979999999999998
0.0019979999999999998
0.0019979999999999998
0.0019979999999999998
0.0019979999999999998
0.0019979999999999998
0.0019979999999999998
0.0019979999999999998
0.0019979999999999998
0.0019979999999999998
0.0019979999999999998
0.0019979999999999998
0.0019979999999999998
0.0019979999999999998
0.0019979999999999998
0.0019979999999999998
0.0019979999999999998
0.0019979999999999998
0.0019979999999999998
0.0019979999999999998
0.0019979999999999998
0.0019979999999999998
0.0019979999999999998
0.0019979999999999998
0.0019979999999999998
0.0019979999999999998
0.0019979999999999998
0.0019979999999999998
0.0019979999999999998
0.0019979999999999998
0.0019979999999999998
0.0019979999999999998
0.0019979999999999998
0.0019979999999999998
0.0019979999999999998
0.0019979999999999998
0.0019979999999999998
0.0019979999999999998
0.0019979999999999998
0.0019979999999999998
0.0019979999999999998
0.0019979999999999998
0.0019979999999999998
0.0019979999999999998
0.0019979999999999998
0.0019979999999999998
0.0019979999999999998
0.0019979999999999998
0.0019979999999999998
0.0019979999999999998
0.0019979999999999998
0.0019979999999999998
0.0019979999999999998
0.0019979999999999998
0.0019979999999999998
0.0019979999999999998
0.0019979999999999998
0.0019979999999999998
0.0019979999999999998
0.0019979999999999998
0.0019979999999999998
0.0019979999999999998
0.0019979999999999998
0.0019979999999999998
0.0019979999999999998
0.0019979999999999998
0.0019979999999999998
0.0019979999999999998
0.0019979999999999998
0.0019979999999999998
0.0019979999999999998
0.0019979999999999998
0.0019979999999999998
0.0019979999999999998
0.0019979999999999998
0.0019979999999999998
0.0019979999999999998
0.0019979999999999998
0.0019979999999999998
0.0019979999999999998
0.0019979999999999998
0.0019979999999999998
0.0019979999999999998
0.0019979999999999998
0.0019979999999999998
0.0019979999999999998
0.0019979999999999998
0.0019979999999999998
0.0019979999999999998
0.0019979999999999998
0.0019979999999999998
0.0019979999999999998
0.0019979999999999998
0.002
0.002
0.002
0.002
0.002
0.002002
0.002002
0.002002
0.0020039999999999997
0.0020039999999999997
0.0020039999999999997
0.0020039999999999997
0.002006
0.002006
0.00201
0.002012
0.002012
0.002012
0.0020139999999999997
0.002016
0.002018
0.002018
0.002018
0.00202
0.0020239999999999998
0.0020239999999999998
0.002026
0.002034
0.002034
0.002038
0.002082
0.002168
0.002172
0.0023899999999999998
0.0024259999999999998
0.00244
0.002466
0.002594
0.0027259999999999997
0.0027519999999999997
0.0028139999999999997
0.0028699999999999997
0.00292
0.00292
0.0029679999999999997
0.003006
0.0030199999999999997
0.003116
0.003322
0.003382
0.00341
0.003466
0.00348
0.003502
0.003512
0.0035499999999999998
0.003692
0.0037519999999999997
0.003756
0.00376
0.003766
0.0037779999999999997
0.003792
0.003806
0.0038199999999999996
0.0038239999999999997
0.0038239999999999997
0.003848
0.003874
0.0038919999999999996
0.0039059999999999997
0.003908
0.003912
0.003935999999999999
0.003942
0.003948
0.003952
0.003954
0.003954
0.003958
0.00396
0.003962
0.003962
0.003964
0.003964
0.003964
0.003966
0.003966
0.003966
0.00397
0.003972
0.003972
0.003972
0.003972
0.003972
0.003974
0.003974
0.003974
0.003974
0.0039759999999999995
0.003978
0.003978
0.003978
0.003978
0.003978
0.00398
0.00398
0.00398
0.00398
0.003981999999999999
0.003981999999999999
0.003981999999999999
0.003981999999999999
0.003981999999999999
0.003981999999999999
0.003981999999999999
0.003981999999999999
0.003981999999999999
0.003981999999999999
0.003981999999999999
0.003981999999999999
0.003984
0.003984
0.003984
0.003984
0.003984
0.003984
0.003984
0.003984
0.003984
0.003986
0.003986
0.003986
0.003986
0.003986
0.003986
0.003986
0.003986
0.003986
0.003986
0.003986
0.003986
0.003986
0.003986
0.003986
0.003986
0.003988
0.003988
0.003988
0.003988
0.003988
0.003988
0.003988
0.003988
0.003988
0.003988
0.003988
0.003988
0.003988
0.003988
0.003988
0.003988
0.003988
0.003988
0.003988
0.00399
0.00399
0.00399
0.00399
0.00399
0.00399
0.00399
0.00399
0.00399
0.00399
0.00399
0.00399
0.00399
0.00399
0.00399
0.00399
0.00399
0.00399
0.00399
0.00399
0.00399
0.00399
0.00399
0.00399
0.00399
0.00399
0.003992
0.003992
0.003992
0.003992
0.003992
0.003992
0.003992
0.003992
0.003992
0.003992
0.003992
0.003992
0.003992
0.003992
0.003992
0.003992
0.003998
0.0040279999999999995
0.004104
0.004208
0.004222
0.004234
0.004274
0.004294
0.004412
0.004416
0.004484
0.004756
0.004843999999999999
0.00485
0.004918
0.0049499999999999995
0.004996
0.0050739999999999995
0.00515
0.005209999999999999
0.0052239999999999995
0.005372
0.005454
0.005458
0.005592
0.0056819999999999996
0.005738
0.0057859999999999995
0.0058059999999999995
0.00581
0.005836
0.005868
0.005872
0.005898
0.005902
0.005906
0.005906
0.005912
0.005914
0.005918
0.005924
0.005926
0.0059299999999999995
0.005944
0.005944
0.005946
0.005948
0.005948
0.0059499999999999996
0.005952
0.005954
0.005954
0.0059559999999999995
0.00596
0.005964
0.005966
0.005966
0.005966
0.005967999999999999
0.005967999999999999
0.005967999999999999
0.00597
0.00597
0.005972
0.005972
0.005972
0.005972
0.005972
0.005972
0.005972
0.005974
0.005974
0.005974
0.0059759999999999995
0.0059759999999999995
0.0059759999999999995
0.0059759999999999995
0.0059759999999999995
0.0059759999999999995
0.0059759999999999995
0.0059759999999999995
0.005978
0.005978
0.005978
0.005978
0.00598
0.00598
0.00598
0.00598
0.0059819999999999995
0.0059819999999999995
0.005987999999999999
0.006024
0.006117999999999999
0.0061259999999999995
0.006176
0.006218
0.006228
0.006378
0.006422
0.0067139999999999995
0.006856
0.006862
0.006941999999999999
0.006946
0.0069759999999999996
0.007202
0.0074199999999999995
0.007434
0.0075239999999999994
0.007742
0.0077859999999999995
0.007866
0.007876
0.00788
0.007914
0.00792
0.007928
0.007934
0.00794
0.00795
0.00795
0.00795
0.007951999999999999
0.007951999999999999
0.007951999999999999
0.007954
0.007956
0.007958
0.00796
0.007962
0.007962
0.007962
0.007962
0.007963999999999999
0.007965999999999999
0.007965999999999999
0.007968
0.007968
0.008022
0.008107999999999999
0.00815
0.008508
0.00857
0.008754
0.008794
0.008853999999999999
0.008924
0.009073999999999999
0.009112
0.009153999999999999
0.0093
0.009326
0.009408
0.009472
0.009476
0.009505999999999999
0.009663999999999999
0.009826
0.009857999999999999
0.009859999999999999
0.009859999999999999
0.009882
0.009896
0.009899999999999999
0.009916
0.00992
0.00993
0.00993
0.009932
0.009937999999999999
0.010058
0.010354
0.010424
0.010631999999999999
0.010631999999999999
0.01074
0.010955999999999999
0.010957999999999999
0.011064
0.011292
0.011488
0.011642
0.011852
0.011882
0.011942
0.012062
0.012525999999999999
0.013092
0.013398
0.013637999999999999
0.013748
0.013798
0.013828
0.013874
0.013881999999999999
0.014745999999999999
0.014856
0.015087999999999999
0.015785999999999998
0.01579
0.015813999999999998
0.015823999999999998
0.016054
0.017508
0.017644
0.017665999999999998
0.017668
0.017726
0.017802
0.018487999999999997
0.018798
0.018806
0.019011999999999998
0.019247999999999998
0.019525999999999998
0.019629999999999998
0.02112
0.02154
0.024905999999999998
0.025626
0.025949999999999997
0.026234
0.02698
0.028144
0.028572
0.031916
0.032462
0.032484
0.033212
0.035016
0.038863999999999996
0.039091999999999995
0.039216
0.041805999999999996
0.042561999999999996
0.042738
0.043386
0.044711999999999995
0.045602
0.046762
0.047892
0.05255
0.07668799999999999
0.076806
0.079354
0.08345
0.08617
0.09547
0.101436
0.128724
0.16674
0.191576
0.265702
0.34518
