1.0
1.0
1.0
1.0
1.0
1.0
1.0
1.0
1.0
1.0
1.0
2.0
2.0
2.0
2.0
2.0
2.0
2.0
2.0
2.0
2.0
2.0
2.0
2.0
3.0
3.0
3.0
3.0
3.0
3.0
3.0
3.0
3.0
3.0
3.0
3.0
3.0
3.0
3.0
3.0
3.0
3.0
3.0
3.0
3.0
3.0
3.0
3.0
3.0
3.0
3.0
3.0
4.0
4.0
4.0
4.0
4.0
4.0
4.0
4.0
4.0
4.0
4.0
4.0
4.0
4.0
4.0
4.0
4.0
4.0
4.0
4.0
4.0
5.0
5.0
5.0
5.0
5.0
5.0
5.0
5.0
5.0
5.0
5.0
5.0
5.0
5.0
5.0
5.0
5.0
5.0
5.0
5.0
5.0
5.0
5.0
5.0
5.0
5.0
5.0
5.0
6.0
6.0
6.0
6.0
6.0
6.0
6.0
6.0
6.0
6.0
6.0
6.0
6.0
6.0
6.0
6.0
6.0
6.0
6.0
6.0
6.0
6.0
6.0
6.0
6.0
6.0
6.0
6.0
6.0
6.0
6.0
6.0
6.0
6.0
6.0
6.0
6.0
7.0
7.0
7.0
7.0
7.0
7.0
7.0
7.0
7.0
7.0
7.0
7.0
7.0
7.0
7.0
7.0
7.0
7.0
7.0
7.0
7.0
7.0
7.0
7.0
7.0
7.0
7.0
7.0
7.0
7.0
7.0
7.0
7.0
7.0
7.0
7.0
7.0
7.0
7.0
7.0
7.0
7.0
7.0
7.0
7.0
7.0
7.0
7.0
8.0
8.0
8.0
8.0
8.0
8.0
8.0
8.0
8.0
8.0
8.0
8.0
8.0
8.0
8.0
8.0
8.0
8.0
8.0
8.0
8.0
8.0
8.0
8.0
8.0
8.0
8.0
8.0
8.0
8.0
8.0
8.0
8.0
8.0
8.0
8.0
8.0
8.0
8.0
8.0
8.0
8.0
8.0
9.0
9.0
9.0
9.0
9.0
9.0
9.0
9.0
9.0
9.0
9.0
9.0
9.0
9.0
9.0
9.0
9.0
9.0
9.0
9.0
9.0
9.0
9.0
9.0
9.0
9.0
9.0
9.0
9.0
9.0
9.0
9.0
9.0
9.0
9.0
9.0
9.0
9.0
9.0
9.0
9.0
9.0
9.0
9.0
10.0
10.0
10.0
10.0
10.0
10.0
10.0
10.0
10.0
10.0
10.0
10.0
10.0
10.0
10.0
10.0
10.0
10.0
10.0
10.0
10.0
10.0
10.0
10.0
10.0
10.0
10.0
10.0
10.0
10.0
10.0
10.0
10.0
11.0
11.0
11.0
11.0
11.0
11.0
11.0
11.0
11.0
11.0
11.0
11.0
11.0
11.0
11.0
11.0
11.0
11.0
11.0
11.0
11.0
11.0
11.0
11.0
11.0
11.0
11.0
11.0
11.0
11.0
11.0
11.0
11.0
11.0
11.0
11.0
11.0
11.0
11.0
11.0
11.0
11.0
11.0
11.0
11.0
11.0
11.0
11.0
11.0
11.0
11.0
11.0
11.0
11.0
11.0
11.0
11.0
11.0
11.0
11.0
11.0
11.0
12.0
12.0
12.0
12.0
12.0
12.0
12.0
12.0
12.0
12.0
12.0
12.0
12.0
12.0
12.0
12.0
12.0
12.0
12.0
12.0
12.0
12.0
12.0
12.0
12.0
12.0
12.0
12.0
12.0
12.0
12.0
12.0
12.0
12.0
12.0
12.0
12.0
12.0
12.0
12.0
12.0
12.0
13.0
13.0
13.0
13.0
13.0
13.0
13.0
13.0
13.0
13.0
13.0
13.0
13.0
13.0
13.0
13.0
13.0
13.0
13.0
13.0
13.0
13.0
13.0
13.0
13.0
13.0
13.0
13.0
13.0
13.0
13.0
13.0
13.0
13.0
13.0
13.0
13.0
13.0
13.0
13.0
13.0
13.0
13.0
13.0
14.0
14.0
14.0
14.0
14.0
14.0
14.0
14.0
14.0
14.0
14.0
14.0
14.0
14.0
14.0
14.0
14.0
14.0
14.0
14.0
14.0
14.0
14.0
14.0
14.0
14.0
14.0
14.0
14.0
14.0
14.0
14.0
14.0
14.0
14.0
15.0
15.0
15.0
15.0
15.0
15.0
15.0
15.0
15.0
15.0
15.0
15.0
15.0
15.0
15.0
15.0
15.0
15.0
15.0
15.0
15.0
15.0
15.0
15.0
15.0
15.0
15.0
15.0
15.0
15.0
15.0
15.0
15.0
15.0
15.0
15.0
15.0
15.0
15.0
15.0
15.0
15.0
15.0
15.0
15.0
15.0
15.0
15.0
15.0
15.0
15.0
15.0
16.0
16.0
16.0
16.0
16.0
16.0
16.0
16.0
16.0
16.0
16.0
16.0
16.0
16.0
16.0
16.0
16.0
16.0
16.0
16.0
16.0
16.0
16.0
16.0
16.0
16.0
16.0
16.0
16.0
16.0
16.0
16.0
16.0
16.0
16.0
16.0
17.0
17.0
17.0
17.0
17.0
17.0
17.0
17.0
17.0
17.0
17.0
17.0
17.0
17.0
17.0
17.0
17.0
17.0
17.0
17.0
17.0
17.0
17.0
17.0
17.0
17.0
17.0
17.0
17.0
17.0
18.0
18.0
18.0
18.0
18.0
18.0
18.0
18.0
18.0
18.0
18.0
18.0
18.0
18.0
18.0
18.0
18.0
18.0
18.0
18.0
18.0
18.0
18.0
18.0
18.0
18.0
18.0
18.0
18.0
18.0
18.0
18.0
18.0
18.0
19.0
19.0
19.0
19.0
19.0
19.0
19.0
19.0
19.0
19.0
19.0
19.0
19.0
19.0
19.0
19.0
19.0
19.0
19.0
19.0
19.0
19.0
19.0
19.0
19.0
19.0
19.0
19.0
19.0
19.0
19.0
19.0
19.0
19.0
19.0
19.0
19.0
19.0
19.0
19.0
20.0
20.0
20.0
20.0
20.0
20.0
20.0
20.0
20.0
20.0
20.0
20.0
20.0
20.0
20.0
20.0
20.0
20.0
20.0
20.0
20.0
20.0
20.0
20.0
20.0
20.0
20.0
20.0
20.0
20.0
20.0
20.0
20.0
21.0
21.0
21.0
21.0
21.0
21.0
21.0
21.0
21.0
21.0
21.0
21.0
21.0
21.0
21.0
21.0
21.0
21.0
21.0
21.0
21.0
21.0
21.0
21.0
21.0
21.0
21.0
21.0
21.0
21.0
21.0
21.0
21.0
21.0
21.0
22.0
22.0
22.0
22.0
22.0
22.0
22.0
22.0
22.0
22.0
22.0
22.0
22.0
22.0
22.0
22.0
22.0
22.0
22.0
22.0
22.0
23.0
23.0
23.0
23.0
23.0
23.0
23.0
23.0
23.0
23.0
23.0
23.0
23.0
23.0
23.0
23.0
23.0
23.0
23.0
23.0
23.0
23.0
23.0
23.0
23.0
23.0
23.0
24.0
24.0
24.0
24.0
24.0
24.0
24.0
24.0
24.0
24.0
24.0
24.0
24.0
24.0
24.0
24.0
24.0
24.0
24.0
24.0
24.0
24.0
24.0
24.0
24.0
24.0
25.0
25.0
25.0
25.0
25.0
25.0
25.0
25.0
25.0
25.0
25.0
25.0
25.0
25.0
25.0
25.0
25.0
25.0
25.0
25.0
25.0
25.0
25.0
25.0
25.0
25.0
25.0
25.0
25.0
25.0
25.0
26.0
26.0
26.0
26.0
26.0
26.0
26.0
26.0
26.0
26.0
26.0
26.0
26.0
26.0
26.0
26.0
26.0
26.0
26.0
26.0
26.0
26.0
26.0
26.0
27.0
27.0
27.0
27.0
27.0
27.0
27.0
27.0
27.0
27.0
27.0
27.0
27.0
27.0
27.0
27.0
27.0
27.0
27.0
27.0
27.0
27.0
27.0
27.0
27.0
27.0
27.0
27.0
28.0
28.0
28.0
28.0
28.0
28.0
28.0
28.0
28.0
28.0
28.0
28.0
28.0
28.0
28.0
28.0
28.0
28.0
28.0
29.0
29.0
29.0
29.0
29.0
29.0
29.0
29.0
29.0
29.0
29.0
29.0
29.0
29.0
29.0
29.0
29.0
30.0
30.0
30.0
30.0
30.0
30.0
30.0
30.0
30.0
30.0
30.0
30.0
30.0
30.0
30.0
30.0
30.0
31.0
31.0
31.0
31.0
31.0
31.0
31.0
31.0
31.0
31.0
31.0
31.0
31.0
31.0
31.0
31.0
31.0
31.0
31.0
31.0
31.0
32.0
32.0
32.0
32.0
32.0
32.0
32.0
32.0
32.0
32.0
32.0
32.0
33.0
33.0
33.0
33.0
33.0
33.0
33.0
33.0
33.0
33.0
34.0
34.0
34.0
34.0
34.0
34.0
34.0
34.0
34.0
34.0
34.0
34.0
34.0
34.0
34.0
34.0
34.0
34.0
34.0
34.0
34.0
34.0
35.0
35.0
35.0
35.0
35.0
35.0
35.0
35.0
35.0
35.0
35.0
35.0
35.0
35.0
35.0
35.0
35.0
35.0
35.0
36.0
36.0
36.0
36.0
36.0
36.0
36.0
36.0
36.0
36.0
37.0
37.0
37.0
37.0
37.0
37.0
37.0
37.0
37.0
37.0
37.0
38.0
38.0
38.0
38.0
38.0
38.0
38.0
38.0
38.0
38.0
38.0
38.0
38.0
38.0
38.0
38.0
38.0
38.0
39.0
39.0
39.0
39.0
39.0
39.0
39.0
39.0
39.0
39.0
39.0
39.0
39.0
39.0
39.0
40.0
40.0
40.0
40.0
40.0
40.0
40.0
40.0
40.0
41.0
41.0
41.0
41.0
41.0
41.0
41.0
41.0
41.0
41.0
41.0
41.0
41.0
42.0
42.0
42.0
42.0
42.0
42.0
42.0
42.0
42.0
42.0
42.0
43.0
43.0
43.0
43.0
43.0
43.0
43.0
44.0
44.0
44.0
44.0
44.0
44.0
44.0
44.0
44.0
44.0
44.0
44.0
44.0
45.0
45.0
45.0
45.0
45.0
45.0
45.0
45.0
45.0
45.0
45.0
45.0
46.0
46.0
46.0
46.0
46.0
46.0
47.0
47.0
47.0
47.0
47.0
47.0
47.0
47.0
47.0
47.0
47.0
47.0
47.0
47.0
48.0
48.0
48.0
48.0
48.0
48.0
48.0
48.0
48.0
49.0
49.0
49.0
49.0
49.0
49.0
49.0
49.0
49.0
49.0
49.0
49.0
49.0
50.0
50.0
50.0
50.0
50.0
50.0
50.0
51.0
51.0
51.0
51.0
51.0
51.0
52.0
52.0
52.0
52.0
52.0
52.0
52.0
52.0
52.0
52.0
52.0
53.0
53.0
53.0
53.0
53.0
53.0
53.0
53.0
54.0
54.0
54.0
54.0
54.0
54.0
54.0
54.0
54.0
54.0
55.0
55.0
55.0
55.0
56.0
56.0
56.0
56.0
56.0
56.0
56.0
56.0
57.0
57.0
57.0
57.0
57.0
57.0
57.0
57.0
57.0
57.0
58.0
58.0
58.0
58.0
58.0
58.0
58.0
58.0
59.0
59.0
59.0
59.0
59.0
59.0
59.0
59.0
59.0
59.0
59.0
60.0
60.0
60.0
60.0
60.0
60.0
61.0
61.0
61.0
61.0
61.0
61.0
61.0
61.0
62.0
62.0
62.0
63.0
63.0
63.0
63.0
64.0
64.0
64.0
64.0
64.0
65.0
65.0
65.0
65.0
65.0
65.0
66.0
66.0
66.0
66.0
66.0
66.0
66.0
66.0
66.0
67.0
67.0
67.0
67.0
67.0
67.0
67.0
67.0
67.0
67.0
68.0
68.0
68.0
68.0
69.0
69.0
69.0
69.0
69.0
69.0
69.0
69.0
70.0
70.0
70.0
70.0
70.0
70.0
70.0
71.0
71.0
72.0
72.0
72.0
72.0
72.0
72.0
73.0
73.0
73.0
73.0
73.0
74.0
74.0
74.0
74.0
74.0
74.0
74.0
75.0
75.0
75.0
75.0
75.0
76.0
76.0
76.0
77.0
77.0
77.0
77.0
77.0
77.0
77.0
77.0
78.0
78.0
79.0
79.0
79.0
79.0
80.0
80.0
80.0
80.0
81.0
81.0
81.0
81.0
82.0
82.0
82.0
82.0
82.0
82.0
82.0
82.0
82.0
83.0
83.0
83.0
83.0
84.0
84.0
85.0
85.0
85.0
85.0
86.0
86.0
87.0
87.0
87.0
87.0
87.0
88.0
88.0
88.0
88.0
88.0
88.0
88.0
89.0
89.0
89.0
90.0
90.0
90.0
90.0
90.0
90.0
91.0
91.0
91.0
92.0
92.0
92.0
92.0
93.0
93.0
93.0
93.0
93.0
95.0
95.0
95.0
97.0
97.0
97.0
98.0
98.0
99.0
99.0
99.0
99.0
99.0
100.0
101.0
101.0
101.0
102.0
102.0
102.0
103.0
103.0
103.0
104.0
104.0
104.0
104.0
104.0
104.0
104.0
105.0
105.0
105.0
105.0
106.0
106.0
107.0
107.0
107.0
108.0
108.0
108.0
109.0
109.0
110.0
110.0
111.0
111.0
112.0
112.0
112.0
113.0
113.0
113.0
113.0
113.0
114.0
114.0
114.0
114.0
115.0
115.0
116.0
116.0
116.0
116.0
116.0
117.0
117.0
118.0
119.0
119.0
119.0
119.0
119.0
120.0
120.0
120.0
120.0
120.0
122.0
122.0
122.0
122.0
123.0
123.0
123.0
123.0
125.0
125.0
125.0
125.0
126.0
126.0
126.0
126.0
126.0
127.0
127.0
128.0
128.0
128.0
129.0
131.0
132.0
133.0
133.0
134.0
134.0
134.0
135.0
135.0
136.0
136.0
139.0
141.0
148.0
149.0
149.0
149.0
149.0
151.0
152.0
153.0
153.0
154.0
154.0
155.0
156.0
157.0
160.0
160.0
161.0
163.0
164.0
164.0
164.0
165.0
165.0
165.0
168.0
169.0
169.0
169.0
171.0
171.0
173.0
174.0
174.0
175.0
180.0
181.0
182.0
182.0
184.0
185.0
186.0
187.0
187.0
188.0
189.0
190.0
191.0
192.0
193.0
195.0
199.0
201.0
202.0
204.0
206.0
207.0
209.0
209.0
210.0
212.0
216.0
219.0
220.0
221.0
222.0
225.0
226.0
230.0
232.0
235.0
243.0
245.0
246.0
247.0
250.0
250.0
250.0
252.0
253.0
256.0
256.0
258.0
261.0
261.0
266.0
267.0
270.0
270.0
273.0
276.0
276.0
277.0
280.0
281.0
282.0
283.0
290.0
296.0
301.0
301.0
304.0
304.0
305.0
307.0
307.0
309.0
312.0
315.0
318.0
325.0
326.0
335.0
350.0
355.0
356.0
360.0
366.0
370.0
373.0
376.0
380.0
400.0
404.0
410.0
418.0
420.0
426.0
432.0
448.0
452.0
464.0
478.0
485.0
488.0
490.0
495.0
507.0
526.0
526.0
537.0
578.0
588.0
628.0
677.0
757.0
829.0
902.0
1039.0
1048.0
1241.0
2042.0
