1.0	0.006512280691758723
0.999	6.175438483424986E-4
0.999	4.7719298816435333E-4
0.0	0.0011508771997640033
1.0	0.007831578949911095
0.002	3.368421141618075E-4
0.999	3.9298245492347725E-4
0.017	0.013221052625763716
0.999	0.0023298245742282646
1.0	0.0012070175374549194
0.987	0.02256842105588291
0.0	0.00940350875877344
0.0	0.0017964912234604712
0.0	0.0010385964809122017
0.0	0.001403508765593122
1.0	0.022063157887129845
0.0	5.052631637548158E-4
1.0	0.0028631578918106543
1.0	0.0031438596496277775
0.006	0.001712280698385666
0.995	0.0011508771933752427
0.0	0.0032000000016831846
0.0	0.0038736841987147747
1.0	0.028210526321023485
0.999	7.298245631294759E-4
1.0	0.004715789471439154
0.0	9.26315791295534E-4
1.0	0.0176000000127483
0.0	0.0025543859631757797
0.999	4.210526201857263E-4
0.002	4.210526264672245E-4
0.006	0.0016842105376441907
0.999	0.0017964912155781518
0.997	0.0014315789486358372
0.998	0.0016561403405125487
0.996	0.00769122807035299
0.993	0.012968421058925707
1.0	0.0035368421145057587
0.0	0.005529824565875573
0.0	0.02015438596415473
1.0	0.0034245614161795054
0.999	0.005670175446832274
0.999	0.015382456145271357
1.0	0.004210526326433419
1.0	0.004238596484413426
0.166	0.1045052631649452
0.0	0.006231578940789061
0.988	0.020631578956964956
0.861	0.12934736841707453
0.026	0.004042105269014944
0.975	0.0034807017615548267
0.011	0.0037894736938775724
0.0	0.014652631573238529
0.999	0.0038456140249976093
0.998	0.003677192976632367
0.019	0.02001403508461244
0.996	0.003957894734047266
0.99	0.04044912281517417
0.999	0.0064561403402283
1.0	0.003003508779389038
1.0	0.0019929824632293155
0.999	0.002638596486719743
1.0	0.04325614033817883
0.0	0.0014315789568849794
0.0	0.005642105276197969
0.0	0.0012350877148437423
0.005	0.00839298246572081
0.997	0.015971929828804857
1.0	0.002498245605232265
0.0	0.0018807017491065299
0.0	0.0024140350862235285
0.0	0.007578947365627957
0.0	0.00339649122168954
0.999	0.0010385964781491576
0.004	0.0015719298367499793
0.998	0.001712280699955566
0.004	0.001515789459920116
0.0	0.0010105263208342878
1.0	0.002414035101047283
0.0	7.298245473885555E-4
0.0	0.00185263158811437
1.0	0.006315789462805358
1.0	0.012884210540346365
0.0	0.0035649122862313077
0.0	0.006147368432738375
1.0	0.0012631578962786275
0.0	7.578947492895866E-4
1.0	0.005361403508574503
0.0	0.0018807017534871694
0.997	7.298245514727464E-4
0.004	0.001010526320745063
0.998	0.0015157894601801373
1.0	0.04533333333655047
0.0	0.008168421053942049
0.0	0.0012350877309386733
0.996	0.0016000000049971287
0.003	0.0011789473709612544
0.005	0.0019929824686573767
0.996	0.0026105263046406787
0.009	0.0021614035164837105
0.998	0.003985964904583032
1.0	0.0012912280653713188
0.004	0.0019368421121674193
1.0	0.0012070175438668007
0.011	0.0027789473679785993
0.0	6.175438654652496E-4
1.0	0.0010666666685781802
1.0	0.0021052631461293578
0.0	7.017543774903811E-4
0.0	8.140350872115692E-4
0.0	0.006456140345433993
1.0	0.0025543859738826635
0.999	0.01077894735655068
1.0	0.0015438596557986464
0.011	0.003003508759961981
0.002	5.614034972543468E-4
0.999	4.491228001380862E-4
0.016	0.0022175438587832604
1.0	9.824561274873749E-4
0.022	0.0024982456154009555
0.981	0.00244210526565701
0.0	0.0018245613970558558
0.994	0.002329824562628981
0.0	0.00449122808327946
0.997	0.001796491239466169
1.0	0.04440701755787201
0.0	0.0019368421159689244
0.999	0.001263157884223242
0.0	0.021754385976428123
1.0	0.0011789473596464555
1.0	0.0737122807112408
0.0	0.0035087719202753125
0.999	0.0010105263210505536
1.0	0.0029192982339132437
0.0	4.771929721774685E-4
1.0	0.029614035089613678
0.002	0.0017964912311761762
0.995	0.0038175438653591624
0.002	0.0021333333397277952
0.004	0.0027508772027163048
1.0	5.333333432105696E-4
0.0	2.5263158509195147E-4
0.0	0.0015999999970544218
1.0	0.0031157894748162053
1.0	0.0012912280574410857
0.0	8.421052573248875E-4
1.0	9.263157996706806E-4
0.0	4.210526356770369E-4
1.0	0.030007017540883647
0.0	5.894736902713559E-4
0.0	0.00261052631933337
1.0	0.019228070171379535
0.995	0.0017403508866756002
0.005	0.003087719296546824
0.998	0.004968421062214368
1.0	0.00162807018879407
0.0	0.0023298245615404807
1.0	0.0019087719226160023
0.0	4.4912281782641107E-4
1.0	0.001010526317761677
0.008	9.543859705478347E-4
0.993	9.543859784089919E-4
0.002	0.0015719298151674367
0.0	0.0013754386009466805
0.999	0.003929824547999069
0.0	7.578947309059847E-4
1.0	0.0020491228045028584
0.002	7.298245700294438E-4
0.0	0.0020210526325240854
1.0	0.0038175438490133198
0.005	4.491227936688902E-4
1.0	0.0010105263200572646
1.0	0.001992982448544965
0.0	4.771929903990652E-4
0.0	6.456140212408235E-4
1.0	0.01760000001261952
1.0	0.0014596491105035264
0.173	0.05400701754122133
0.0	0.007859649125110507
0.0	0.005557894722872105
0.0	0.0024701754299174122
0.83	0.055129824556182545
0.989	0.004294736855004948
0.002	0.0012631578988146004
0.0	0.0015438596509038142
1.0	0.0022736842002813997
0.999	0.003564912283588773
0.002	7.017543828046472E-4
0.0	0.002638596493675902
0.0	0.014484210526511032
0.996	0.006849122818481061
1.0	0.0023578947255567416
0.998	0.08878596491122515
0.0	0.052631578941935674
1.0	0.0026947368428166672
1.0	0.0031719298353918824
0.011	0.008196491228499147
1.0	0.0032280701837898193
1.0	6.456140326048774E-4
0.003	8.14035080585804E-4
1.0	9.543859687329554E-4
0.003	8.421052645195965E-4
0.999	9.263157825566353E-4
0.007	0.005557894744853441
0.003	0.0010105263261156873
0.994	0.016028070184022265
0.999	0.0013192982358555992
0.002	5.894736979048235E-4
0.0	4.491227996032808E-4
1.0	0.029754385955379836
0.998	0.08115087718821046
1.0	0.00235789473959893
0.0	0.003508771922241912
0.0	0.005164912284452242
0.0	0.0036491228202080624
0.997	0.002301754374247536
0.0	0.0025543859693606037
0.0	0.010807017556131168
0.002	6.17543849143684E-4
0.999	0.0010666666699640991
0.999	5.333333295661451E-4
1.0	5.333333229017727E-4
0.999	0.0012912280620307464
0.002	8.421052702133519E-4
0.999	8.982456088360791E-4
0.019	6.736842063735573E-4
0.006	8.982456177248899E-4
0.995	0.0010666666701638792
0.002	0.0016842105340326497
0.999	0.004687719297275203
0.0	6.736841987922569E-4
0.002	8.42105255332409E-4
0.999	0.0016842105319340723
0.999	7.859649148561474E-4
1.0	0.04171228069826384
0.0	0.0013754386000647682
1.0	0.01827368422157161
0.004	8.701754476286057E-4
0.997	0.0010947368554076373
1.0	0.0035929824612695137
0.0	0.0012350877105962333
0.0	4.210526186294598E-4
1.0	0.0037894736922037416
1.0	0.001263157901244847
0.999	9.263157993528033E-4
0.998	4.2105261882880297E-4
1.0	0.017768421065251856
1.0	0.003929824558938358
0.0	8.982456022001593E-4
0.983	0.002273684215145903
0.01	0.002161403510729321
1.0	0.008533333333798566
0.0	6.175438458113392E-4
1.0	0.001515789472614857
0.998	6.736842202887362E-4
0.002	3.929824434343116E-4
0.999	0.0021333333364969027
1.0	0.0018526315685027251
0.996	6.175438733682437E-4
0.005	7.298245615365798E-4
0.0	8.701754381674705E-4
0.999	0.0012350877130372143
0.999	0.0018526315870433518
0.002	8.421052561375551E-4
0.999	8.140350750698911E-4
0.004	5.333333375112413E-4
1.0	0.027845614040473587
0.0	6.736842146246465E-4
0.0	0.0030035087732118836
0.0	5.894736770897733E-4
1.0	0.0018245614140337775
0.002	8.701754311940332E-4
0.999	0.0021052631440359243
0.0	7.017543985313932E-4
1.0	0.04286315789350087
0.0	0.002610526325449633
1.0	0.009543859650969981
0.0	5.614035094885399E-4
0.0	0.0037614035080530705
1.0	0.017122807029865923
0.984	6.736842137748122E-4
0.0	6.456140435869549E-4
0.0	0.002273684218964885
0.0	0.0031719298376811
1.0	0.03208421053509347
1.0	0.0019368421161078597
0.0	4.7719298017059755E-4
0.025	0.011536842111976203
0.0	0.013164912274306016
0.0	0.004014035074604705
0.997	0.02346666666769989
1.0	0.004687719309937369
1.0	0.004631578943953225
0.015	0.014175438602805191
0.0	0.012378947379389823
1.0	0.01597192981328304
1.0	0.003621052644170993
0.016	0.01788070176692325
0.0	0.008645614032213188
0.0	0.006371929827887493
1.0	0.0019649122674345594
0.0	7.859649127550882E-4
0.987	0.0010105263269689201
0.999	9.263157879297479E-4
1.0	0.003929824559667538
0.999	0.0010105263172220543
0.0	8.9824561960804E-4
1.0	0.0034245613912886235
1.0	0.01757192982852772
0.999	7.5789474284441E-4
0.002	3.64912284538976E-4
1.0	0.044715789465746274
0.998	0.0016842105380239594
0.0	0.002722807007306716
0.0	0.0011508771928197682
1.0	0.0015157894809532562
0.004	0.0015719298274941818
1.0	0.001515789463443259
0.0	0.0026105263037051376
0.977	0.00895438597380352
0.0	3.087719358730664E-4
1.0	6.456140461192361E-4
0.999	6.456140359273826E-4
0.004	0.002357894727766894
0.0	0.0013192982450803278
0.998	0.002807017541260738
0.999	0.001178947369703374
1.0	0.03738947367287311
0.0	0.001628070168224392
0.999	0.0031438596573691337
0.0	0.0019649122738358243
0.0	0.016392982445282922
1.0	0.07183157894825401
0.0	0.0021894736715545185
0.0	0.00606315789079818
0.0	0.02060350876715495
0.003	5.052631541186055E-4
0.998	3.929824669930898E-4
0.999	0.005614035087042383
0.002	7.298245475505471E-4
0.0	0.0016280701888539764
0.0	9.543859552507665E-4
1.0	0.013221052630314565
0.002	8.701754520021253E-4
0.999	0.001010526322922059
0.0	0.03070877193437145
1.0	0.0053614035083491525
1.0	0.001656140355855834
1.0	0.053670175438717126
1.0	0.003031578957265986
0.0	0.010807017550941326
1.0	0.017150877201241792
0.997	0.001796491241036509
1.0	0.0011508771837080568
0.999	0.0010105263231924067
0.002	5.894736970194791E-4
0.999	0.0010385964942600642
0.998	0.0010666666789882785
0.003	8.421052716812141E-4
1.0	0.02826666667259723
0.002	5.333333266413043E-4
0.999	0.0013192982359455283
0.003	0.0016000000019893552
0.0	9.543859569098685E-4
0.998	0.0030877192972269775
1.0	0.028238596489082883
0.0	0.008028070181627498
0.002	8.701754526339601E-4
0.999	0.001094736842358348
0.003	0.0018245613950974716
0.998	0.0023298245754420272
1.0	0.003228070184240768
0.0	4.771929751658522E-4
0.997	0.0015719298328864559
0.032	0.003171929826319172
0.969	0.003171929822073423
0.999	5.333333346237839E-4
0.002	2.526315849665879E-4
0.998	0.0014035087679158816
0.003	0.001515789483997636
0.006	0.0030035087774831293
0.993	0.006371929821795966
0.005	0.004828070181631523
0.998	0.0016842105176489634
1.0	0.027845614047211604
0.0	0.003873684208183
0.999	9.26315801271202E-4
0.0	0.0021614035212203157
1.0	0.0030596491114319386
0.999	9.543859519781712E-4
0.0	7.859649233839286E-4
1.0	0.027564912278011798
1.0	0.014512280714699085
1.0	0.0015438596460082105
1.0	0.0017122806995996198
0.996	0.0015157894746565155
0.0	0.00578245613166864
0.0	6.736842185134387E-4
1.0	0.008533333339648728
0.999	0.0034807017641257628
0.002	7.298245580336273E-4
0.992	6.736841974337895E-4
0.999	5.052631674124788E-4
0.997	0.0019087719283144625
0.004	0.001740350868485161
0.006	0.0012070175502504963
0.003	0.0014315789384896519
0.998	0.03764210526384172
0.997	0.0038736842001202408
0.0	0.006708771928186447
0.009	0.007242105257761056
0.998	0.002638596489549441
0.0	0.0037333333418607113
0.998	0.0023578947486609415
0.993	0.0037894736786867043
0.998	0.001347368416382526
0.004	0.0014035087582597065
0.003	0.0010666666806392986
0.999	0.005501754379339327
0.019	0.02487017544611133
0.999	0.007185964920396005
0.0	0.008842105274981433
0.0	0.011985964921228357
0.997	0.005052631583480661
0.019	0.026161403503442707
1.0	0.004715789467811132
1.0	0.006007017533800889
0.962	0.03298245613790764
1.0	0.004603508775854163
0.999	0.009066666669533312
0.034	0.03183157895533882
0.0	0.009515789484184432
1.0	0.00906666666655822
0.999	8.701754405243439E-4
0.002	9.263157805320851E-4
0.0	0.001235087711828557
0.0	9.263157843046171E-4
1.0	0.005782456131557209
0.997	7.017543801764612E-4
0.004	7.017543957638454E-4
0.999	0.001684210534011701
0.002	0.0014596491191639792
0.0	0.0012070175361636735
1.0	0.003705263153056793
0.0	0.005080701744394273
1.0	0.0014315789514317662
0.0	0.0039298245723726165
0.0	0.00353684210050079
0.014	0.008842105276210268
1.0	0.001235087706939666
0.0	3.9298245722846147E-4
1.0	0.003396491217987377
0.999	5.333333273519773E-4
0.002	8.140350989617674E-4
1.0	0.0035087719196123693
0.0	0.003340350873327046
0.999	0.15814736843462832
0.999	0.006147368417406959
1.0	0.0037894736707919335
0.0	0.019059649119519507
0.005	0.0030315789461126223
0.0	0.006231578947907971
0.0	0.04463157894965154
0.0	0.10239999999683486
1.0	0.003985964921454298
0.0	8.982456060566919E-4
0.998	0.0011228070140240536
0.007	0.0011228070221526308
0.998	3.368421108739515E-4
0.003	5.614035170947537E-4
0.998	0.0022456140231869983
0.002	7.578947363292542E-4
0.999	4.7719298142120367E-4
1.0	9.82456136640946E-4
0.999	5.894736719313968E-4
1.0	0.01939649122510651
0.996	2.807017541629177E-4
1.0	0.018694736840857994
1.0	0.017010526307423456
0.0	6.736842063816658E-4
0.002	3.3684211696189835E-4
0.999	0.0014035087786362765
0.0	0.0017122806917557927
1.0	0.002105263153314102
0.998	0.0016561403490240579
0.003	2.807017484819018E-4
0.003	0.0011228070055320928
0.999	0.0037894736790023164
1.0	0.0017122806895631497
1.0	0.008785964908952257
0.0	0.0019087719244765525
0.991	0.003564912293671377
0.0	0.002301754379695914
0.0	0.0021614035113503545
0.995	0.0014877193113630128
0.996	0.005361403515774559
0.002	5.89473684783255E-4
0.0	6.73684209277973E-4
1.0	0.003200000005974271
0.003	0.0015157894716604523
0.999	0.0013473684105904566
0.0	0.001291228058292556
0.99	0.00218947368728578
0.006	0.0014315789383787271
0.999	7.578947341831947E-4
0.002	5.894736918385482E-4
0.0	0.004940350874781689
0.0	0.005108771937478893
0.019	0.009375438610375113
0.005	0.002582456145262555
0.982	0.015073684218171629
1.0	0.001712280691891217
1.0	0.002385964919590961
0.999	8.70175442297792E-4
0.002	4.771929832547888E-4
1.0	0.0033403508856211096
0.0	8.701754259127813E-4
0.002	6.175438595934086E-4
0.999	0.001066666675215922
1.0	0.0017122806905756375
0.0	9.824561429599306E-4
1.0	0.007943859637835338
0.0	0.026189473682050775
0.861	0.16325614035474642
1.0	0.005557894731001984
1.0	0.014596491233951918
0.0	0.030007017533791407
0.0	0.019592982464232425
0.998	0.008898245623871143
0.0	0.005670175450700363
1.0	0.01237894736766711
0.999	0.007887719304271096
0.994	0.007129824560070304
0.157	0.1352701754305741
0.0	0.004407017552716205
0.0	0.02843508772972708
0.0	0.007129824570097237
0.0	0.005024561411955484
0.0	0.0025543859613206916
0.986	0.0023578947371338628
0.015	0.002638596486361347
0.0	0.0011789473591703845
0.998	0.0033122807082203685
1.0	0.04828070176318609
1.0	0.0030035087775794915
0.999	0.0030596491231262924
0.0	0.003171929834811593
1.0	0.005080701742962354
0.999	0.004463157906560866
0.0	0.003985964909892382
0.0	0.019929824548699286
1.0	0.003985964902685111
0.0	0.00850526315887103
0.0	5.333333289141583E-4
0.0	0.002975438593534655
1.0	0.018245614045525358
0.997	0.0012070175307880536
0.004	9.263157827437076E-4
0.0	0.0022736842220010206
1.0	0.08488421053791823
0.0	0.003424561401112405
0.0	0.002891228078105597
0.0	0.0031157894650279626
0.0	0.0014315789543366123
0.0	0.0022175438514364563
0.005	0.0028350877298752696
0.0	0.0024701754426480634
1.0	0.0015999999946198283
0.0	7.017543971405974E-4
0.0	0.0017403508688173888
0.996	7.29824565073644E-4
0.005	0.0011508771898424061
0.003	6.175438497292172E-4
1.0	0.0026105263191308747
0.0	0.0010385964995499842
1.0	0.04390175439298965
0.0	0.006203508760883266
0.994	8.982456080903254E-4
1.0	0.004407017556567365
0.998	0.0018526315665394835
0.999	0.002694736829449523
0.007	0.001992982442842492
0.011	6.175438692026937E-4
0.996	0.0022736841988885165
0.005	0.0017122807058190153
1.0	0.03034385964293992
0.0	8.140350922812059E-4
0.998	0.0014035087588070137
0.002	0.0013192982440737777
0.999	0.0021052631468459508
0.999	0.0296140350864066
0.0	9.263157983933523E-4
1.0	0.01934035088058494
0.0	8.4210525608361E-4
1.0	0.014877192974796527
0.013	0.0021614035115428143
1.0	0.0015719298239921188
0.012	0.0012912280797395623
0.999	0.001936842105950644
0.0	7.578947253584921E-4
1.0	0.010273684201986915
0.998	8.982456045560559E-4
0.997	0.0017403508864280125
0.998	0.0018526315661300157
1.0	0.00367719298956338
1.0	0.001150877181362199
1.0	0.0017122807025077218
0.0	0.0011508771790836488
1.0	0.009600000002291567
0.0	0.003087719290791586
0.0	0.0015157894703591247
1.0	0.0018526315717227273
0.998	0.0010666666562826567
0.003	7.298245556141538E-4
0.999	0.0025543859697163317
0.0	2.245613960988623E-4
1.0	0.014989473679631044
0.002	9.5438597584191E-4
0.0	0.2924070175596486
1.0	0.012407017549777626
1.0	0.0174877192889431
0.0	0.16016842106033422
1.0	0.021108771918294217
1.0	0.009487719299178916
0.0	0.009010526311678266
1.0	0.008084210526303525
0.998	0.4709333333372371
1.0	0.009178947360257168
0.999	0.012210526302205978
0.0	0.047073684199869036
0.99	0.03598596489991213
1.0	0.007635087727591123
0.99	0.02661052630252149
1.0	0.009347368419913661
1.0	0.008926315779661811
1.0	0.01375438596004255
0.062	0.03233684209188819
1.0	0.02158596492186574
1.0	0.03752982457085214
1.0	0.009010526323348495
1.0	0.017656140345478202
0.0	0.29451228070243196
1.0	0.030428070188216555
0.0	3.9298245784203734E-4
1.0	0.002638596485577679
0.984	0.09774035087155337
0.0	0.046680701761359675
1.0	0.02683508772048719
0.24	0.34307368422144574
0.0	0.017150877202629127
1.0	0.11708070175988498
1.0	0.026526315800053088
1.0	0.08727017542768421
0.0	0.016056140356138535
0.776	0.9954526315865122
1.0	0.03665964911859229
1.0	0.026807017557476723
1.0	0.017010526322212727
1.0	0.028070175441550625
0.0	0.06094035088300319
1.0	0.03918596491475717
1.0	0.01577543860608499
1.0	0.027340350889262163
1.0	0.027536842104107017
0.986	0.06447719297698783
0.997	0.15239298246724867
1.0	0.017908771920553613
0.0	0.06691929825714207
1.0	0.01614035087882005
1.0	0.01889122806711303
0.0	0.1009403508837128
1.0	0.062007017532494796
1.0	0.035929824564828954
1.0	0.018329824562567126
1.0	0.01776842104727015
1.0	0.03688421051865251
0.316	0.08348070174420107
1.0	0.018750877192500504
1.0	0.018610526316947398
1.0	0.01804912280863765
0.0	0.27654736842036287
1.0	0.055803508770265534
0.314	0.09824561402381393
1.0	0.035929824550017656
1.0	0.03609824560491714
1.0	0.018049122800943857
0.0	0.10902456139045859
0.303	0.49484912280517335
1.0	0.01731929824625722
0.0	0.02798596491213194
1.0	0.02001403510135164
1.0	0.05512982457252077
1.0	0.026470175441125007
0.0	0.09493333332888283
1.0	0.0199859649025652
1.0	0.018582456133569254
1.0	0.017178947368652362
0.0	8.140350950214727E-4
1.0	0.0035649122932565856
0.0	5.614034971901346E-4
1.0	0.004884210516988367
0.0	8.140350967073442E-4
1.0	0.0030596491165143227
0.0	0.00148771930917384
1.0	0.04353684211491781
0.999	9.26315793931629E-4
0.0	9.2631580026111E-4
1.0	0.01299649123859145
0.013	0.007354385973430363
0.994	0.0075228070181713085
1.0	0.0038175438650600176
1.0	0.0030877193076534423
1.0	0.002610526311817565
0.011	0.006652631590022274
0.999	0.003985964907211096
1.0	0.0019368421189703657
0.0	0.002133333332230358
0.999	8.140350880942387E-4
0.998	0.0017684210479363735
1.0	0.030259649131789076
1.0	0.009347368410472841
1.0	0.0012350877136969322
0.997	0.0026105263179699643
1.0	0.03028771928790453
0.0	0.0015438596615773177
0.0	0.0015999999912447956
1.0	0.008392982455540546
0.0	0.003171929824402334
1.0	0.003789473671638982
1.0	0.0013192982355741763
0.0	5.894736814366893E-4
0.999	9.543859516530294E-4
0.002	8.982456141258694E-4
1.0	0.0019368421009868441
0.0	0.00625964910937742
1.0	0.0017684210474859991
0.996	0.0019368421013289249
1.0	0.009178947373025242
0.003	5.333333207894396E-4
0.998	5.8947367193598E-4
1.0	0.003817543866512153
0.0	8.421052762575976E-4
1.0	0.005417543845797716
0.0	0.003059649122063233
0.0	0.0035087719329494247
0.0	5.894736970627669E-4
0.998	0.01484912280029751
0.0	0.002133333319826744
0.0	0.0031999999984188344
0.004	0.0038175438528885524
0.0	0.003957894733085731
1.0	0.004547368423392464
0.0	0.014512280709317146
1.0	0.13470877193022962
0.0	0.0036491228083968858
1.0	0.002442105258027487
1.0	0.0020210526229433273
0.995	0.0021333333466137384
1.0	0.0047999999885845815
0.0	0.00923508772695506
0.999	0.0022736842162626373
0.041	0.01103157895199107
0.996	0.0019087719403967946
0.952	0.009543859662263033
0.999	0.0019087719436744475
0.0	0.0017122806908070674
0.999	5.614035027133007E-4
0.002	3.929824462822417E-4
0.009	0.005838596505257386
0.999	0.004603508774364299
0.0	0.026722807018413796
0.0	0.009347368431634752
1.0	0.006119298237647708
0.0	0.004070175437657045
0.0	0.009992982464080306
0.999	5.614035209496763E-4
1.0	0.0015157894865922034
0.015	8.982456163593464E-4
0.999	0.0012070175492366476
1.0	0.002385964909389334
0.995	0.0016000000012845756
0.003	9.543859703158874E-4
1.0	9.54385960348091E-4
1.0	0.04283508772495264
0.0	0.0035649122729682356
0.0	0.0167578947289043
0.998	0.0015719298196355557
1.0	0.07424561402751514
0.0	0.0032000000096571554
0.002	3.649122889947174E-4
0.999	5.894736858943276E-4
0.999	0.001992982454358699
1.0	0.030792982453524607
0.0	0.0021052631463354407
0.0	0.0010947368282578458
0.0	9.543859760749094E-4
0.999	0.029557894723661184
0.0	0.011761403501672102
1.0	0.0019368420922600664
0.0	0.02254035088056002
0.0	0.0012631578958442558
0.998	0.001066666663110611
1.0	0.0024140350741342544
0.0	7.578947467946624E-4
1.0	0.0036210526280448323
0.999	8.140350770653271E-4
0.002	6.456140319949122E-4
1.0	0.04334035086721268
0.999	8.421052625401441E-4
0.016	0.001628070161580647
0.994	0.0061754386066606975
0.012	0.0019087719258398955
0.999	4.4912282004251527E-4
1.0	8.421052768354895E-4
0.0	0.0014035087635738642
0.0	7.578947229517651E-4
0.0	0.0016280701688454718
0.0	0.001459649135099775
0.0	0.003368421063677317
1.0	0.009263157907174467
0.0	0.0024701754248393445
0.999	5.894736811712685E-4
1.0	0.002385964898702889
0.989	7.298245557557204E-4
0.999	0.005164912273835841
0.999	0.022708771942585727
0.0	6.736842193208867E-4
0.002	8.421052608786501E-4
0.0	0.0013473684171175918
0.0	0.00850526314924893
1.0	0.0451087719406352
0.0	0.002891228067048483
1.0	0.002189473686886881
0.0	0.0011789473778091451
1.0	0.0020771929731583445
1.0	0.004463157885906181
0.0	0.0017122807017840014
0.0	5.333333224009678E-4
1.0	0.0017684210412242263
0.999	0.01569122807748407
0.002	7.578947270361216E-4
1.0	0.010666666653293789
1.0	0.0017403508675584453
1.0	0.011003508775758196
1.0	0.010470175444575507
0.0	0.0665543859581731
1.0	0.04109473683573437
1.0	0.01061052632506122
1.0	0.02032280700690042
0.0	0.04143157895886104
1.0	0.010610526311224257
1.0	0.014877192992073046
0.0	0.037136842098911126
1.0	0.010526315785418853
0.999	0.019957894740055708
1.0	0.015719298247725996
1.0	0.009038596501001476
0.995	0.05066666666519649
1.0	0.009010526303301774
1.0	0.01072280702687889
1.0	0.01162105264106359
1.0	0.010947368414123538
1.0	0.02023859648492634
1.0	0.016112280712039236
0.0	0.009880701759570397
0.0	0.015494736852390594
1.0	0.011480701760116426
1.0	0.037052631567947754
1.0	0.012126315789298322
0.209	0.28499649123215104
1.0	0.01038596490122588
1.0	0.010498245623732548
0.999	0.015073684218241382
0.691	0.3468631578975962
0.999	0.0010947368308454
1.0	9.824561314425858E-4
0.003	0.0010666666782466444
0.998	0.001880701758987029
1.0	0.0016842105135606198
1.0	0.0597614035167442
0.992	0.0013754385871057643
0.0	0.002189473698231557
0.0	0.0022736842136174373
1.0	0.0014315789462664265
0.0	0.0024140350948413263
0.998	0.002666666670128172
0.0	0.001543859640565946
0.0	0.0010666666546133889
0.0	0.0018807017606148745
0.996	0.0019649122820672776
0.0	0.002666666675515286
1.0	0.0016842105261233272
0.005	0.0021894736775824753
0.985	0.0017403508744149119
0.995	0.00468771928687464
0.007	0.00440701754814011
0.014	6.736842120676322E-4
0.005	0.0017684210638444374
0.996	8.701754476841523E-4
0.003	5.333333347296379E-4
0.998	7.298245638435414E-4
0.002	3.087719348012907E-4
0.999	7.017543973009382E-4
0.999	8.982456169347593E-4
0.999	0.001880701742735323
0.0	0.006175438587757803
0.0	0.0053333333350355045
1.0	0.001824561394335309
1.0	0.00328421052263932
0.999	5.333333196050179E-4
0.003	9.543859632865285E-4
1.0	0.0027228070283761858
0.999	8.701754506409713E-4
0.998	0.0017684210638421532
0.0	0.023410526318601972
1.0	0.02807017544973558
0.002	7.578947387347208E-4
0.999	0.0010385964841074795
1.0	0.0720561403452111
0.0	8.421052679563945E-4
0.0	0.0019368420961451813
0.0	0.0014035087724345021
1.0	0.004350877189395762
0.0	0.0015438596474222368
0.999	0.0022736842140526183
0.002	4.2105262733653905E-4
0.0	5.052631536999403E-4
1.0	9.543859609964053E-4
1.0	0.044350877201421106
0.999	7.578947411276212E-4
1.0	7.298245725942224E-4
0.0	7.29824551188754E-4
0.999	4.2105262807271357E-4
0.0	5.052631464435805E-4
1.0	0.029164912289824638
1.0	0.003480701754362969
0.991	0.04075789472839869
0.0	0.0046877193039294
1.0	0.0031999999925866893
0.0	0.018329824553474015
0.029	0.023943859644983658
0.101	0.005024561397082891
0.0	0.0028912280583404397
0.998	0.0120421052515214
1.0	0.003171929817562511
0.998	0.0019929824518454607
0.003	0.0014035087681037576
0.035	0.041487719292248565
0.0	0.002947368416794839
0.996	0.0032561403470992194
0.971	0.05150877192186365
0.0	0.006680701740431933
0.999	0.0072701754320335255
0.0	0.0099929824544834
1.0	0.005277192976182899
0.0	0.005024561395804361
0.997	4.210526312857526E-4
0.004	6.456140447479168E-4
0.981	5.614035001751285E-4
1.0	0.003761403511436086
0.995	4.210526346496259E-4
0.006	7.017543736375309E-4
0.004	0.001515789469525517
0.997	0.0016842105196220895
0.0	0.003031578933914752
1.0	0.014203508772384917
1.0	0.0010947368510962215
0.0	5.894736859809351E-4
0.0	6.736842012560214E-4
1.0	0.0056140350972383605
0.0	0.019985964908853668
1.0	0.003564912290019753
1.0	0.0046877193020858155
0.0	0.01869473684483388
0.0	0.013726315802117188
0.998	0.010301754392599243
0.993	0.006315789481051193
0.995	0.0012070175515296704
1.0	6.736842170891178E-4
0.0	0.0010105263194633708
0.0	0.006624561393845989
0.0	0.00724210526219419
1.0	0.03654736842401681
0.999	0.0011789473655093603
0.002	6.736841988697309E-4
0.002	0.0013754385875670114
0.995	0.0026947368479933245
0.0	0.0016280701623964998
0.999	0.002891228075626541
1.0	5.052631505099956E-4
0.0	3.368420962267959E-4
0.999	0.0017964912202475837
0.0	0.0012070175574337763
1.0	0.005557894737119159
0.0	0.012940350886630968
1.0	0.05872280701964362
0.0	0.03741754386711376
1.0	0.0019649122829338127
1.0	0.002919298248859452
0.0	0.0010666666802028602
1.0	0.0010105263020532514
1.0	0.0019087719182000796
0.0	0.0054175438664077905
0.0	0.002049122798944507
0.0	0.031550877203121545
0.0	0.005950877192442887
1.0	0.029305263152251744
0.0	0.002021052633814371
1.0	0.018554385967609083
0.002	5.89473673911781E-4
0.0	7.298245485770232E-4
0.999	7.017543965505296E-4
0.004	9.263157916935969E-4
0.0	0.0032000000104213514
1.0	8.982456017316075E-4
1.0	0.027115789462576086
0.002	8.982456080656828E-4
0.999	8.982456154217914E-4
1.0	0.004996491216419942
0.0	3.3684209252311554E-4
0.002	8.982456075094367E-4
0.999	0.0012631578888137951
0.0	0.0014877193056975603
1.0	0.003873684221400886
0.0	0.0017964912405326345
1.0	0.002301754380161016
0.0	0.003171929828166314
0.0	0.03421754386150955
0.998	0.0036491228105013764
0.0	0.006456140364740157
1.0	0.05911578948658307
0.0	6.17543871298244E-4
1.0	0.0010105263221159909
0.0	0.0011508771904080288
0.0	0.08089824562453819
0.0	0.020715789464661797
0.0	0.01731929825940233
0.0	0.036519298237976706
0.0	0.03051228070843863
1.0	0.007663157904910207
0.995	0.014035087714470384
0.0	0.006624561417464771
0.0	0.017347368412473564
1.0	0.00934736841083673
0.991	0.10231578946360328
0.0	0.02009824561419868
0.0	0.037501754375658204
1.0	0.005838596496880632
0.999	0.005726315799339913
0.0	0.036912280706920333
1.0	0.006343859660008036
1.0	0.01594385963595235
1.0	0.00718596491548746
0.999	6.456140275527931E-4
1.0	0.045782456128862316
1.0	8.701754463094557E-4
1.0	0.0023859649032067372
0.0	9.824561358397163E-4
1.0	0.013950877188012488
0.999	8.140350906065694E-4
0.002	7.578947358144519E-4
0.999	9.263158001916875E-4
0.0	0.0031719298148369505
1.0	0.004294736844140256
1.0	0.0011508772002874672
0.003	0.0012912280637645348
0.003	7.859649106544461E-4
1.0	0.0032842105234568856
0.993	0.0010947368338602896
0.008	0.0012631578964851075
0.0	5.614035127085732E-4
1.0	0.0033122807075997972
1.0	0.029810526307802232
0.0	2.8070176515500815E-4
1.0	0.014175438608328867
0.0	1.6842104601517253E-4
1.0	5.614035158432099E-4
0.0	7.017543958913641E-4
0.995	0.0015719298220111257
0.998	0.0023859649223798565
0.999	9.263157782076428E-4
1.0	0.03023157895246532
0.0	0.0019929824639897194
0.002	9.543859563518455E-4
0.0	7.578947488178751E-4
0.0	0.0034807017425370836
0.0	0.002105263169267123
0.0	0.004350877196428179
0.004	0.0024701754485116885
1.0	0.0024982456047109775
0.998	0.011536842110890264
0.0	6.175438463907814E-4
0.986	0.00715789472712971
0.97	0.00993684210339396
0.0	0.011368421039246528
1.0	0.0023578947378760187
1.0	0.002526315793351769
1.0	0.04235789474902642
0.0	0.001599999991313331
0.0	8.140350994303031E-4
0.0	0.0034807017658935032
1.0	0.018357894741793664
0.998	0.001403508780006845
0.003	8.421052709552361E-4
1.0	0.030119298248851543
0.0	8.701754489105506E-4
1.0	0.0031999999959341848
0.0	0.001964912285546327
0.0	0.0018245614140476785
0.999	0.0023298245547886008
0.0	0.007045614024081964
1.0	0.018498245606740352
0.0	5.894736975837799E-4
0.0	0.0010947368436479538
1.0	0.02770526317073911
1.0	9.824561355309823E-4
0.0	0.0010666666774086073
1.0	0.019480701745463416
1.0	0.0011789473812348291
0.0	0.001094736855523377
1.0	0.007242105269188639
0.002	6.456140240421618E-4
1.0	0.11831578948647205
1.0	0.002161403510642323
0.998	0.0044350877078772185
0.0	0.002357894743785829
0.0	0.06032280702677758
0.0	0.003536842100937413
1.0	0.030680701764521163
0.0	0.002049122818704414
1.0	0.0021052631632675583
0.0	3.649122903133275E-4
0.0	0.0029473684077158317
0.006	0.0018526315731144727
1.0	0.004070175430294249
0.999	8.421052531384419E-4
0.0	0.001712280707921693
0.999	0.002835087716572532
0.002	4.210526398380417E-4
0.0	7.29824556956998E-4
0.0	9.263157851463274E-4
0.0	0.0017403508742183896
1.0	0.029361403513029804
1.0	0.012350877198520746
0.002	3.929824579813312E-4
0.999	7.859649085787513E-4
0.999	0.0015438596549482073
0.999	0.0018526315681771407
0.002	6.736842120257969E-4
0.0	0.0012631578815782982
1.0	0.013164912277119002
0.0	0.011536842111553525
1.0	0.08752280701539034
1.0	0.047466666674397855
1.0	0.10287719299540302
1.0	0.07427368419782161
1.0	0.04505263159196254
1.0	0.030877192996306077
1.0	0.028715789476869837
1.0	0.031017543854522944
1.0	0.19312280700552864
1.0	0.029108771941180788
0.999	0.030652631584245214
1.0	0.07362807017165562
1.0	0.08429473684455197
1.0	0.02882807016705033
1.0	0.10360701753954187
1.0	0.05611228070016477
0.987	0.16176842105469658
1.0	0.11503157894609506
1.0	0.07455438597215709
1.0	0.028575438586423235
1.0	0.027592982467085775
1.0	0.16477192983943123
1.0	0.029922807021654518
1.0	0.03160701755140905
1.0	0.05852631579996834
1.0	0.02863157895060897
1.0	0.04516491227635732
1.0	0.059284210534311446
0.986	0.11542456140695881
1.0	0.07548070175075962
1.0	0.029866666665753775
1.0	0.04283508772857661
1.0	0.03079298244331724
1.0	0.06001403509466457
1.0	0.2006175438502723
1.0	0.029585964904302632
0.997	0.10023859649627245
1.0	0.03003508772564589
1.0	0.04336842106296401
1.0	0.030035087722032765
1.0	0.0433964912215442
0.999	0.4595087719369681
1.0	0.04218947368476768
1.0	0.06082807018673541
1.0	0.028182456138391127
1.0	0.030287719308350784
0.995	0.17891929824238564
1.0	0.20196491227376692
1.0	0.04269473682862207
1.0	0.09316491228642584
1.0	0.07337543858787278
0.691	0.8034526315806061
1.0	0.07219649123343731
1.0	0.044884210536311905
0.987	0.20252631577950536
1.0	0.032112280696799785
1.0	0.06110877193793781
1.0	0.028800000010503264
1.0	0.029698245605173996
1.0	0.027564912291314754
1.0	0.03017543860085882
1.0	0.06262456140004961
1.0	0.16320000000777166
1.0	0.045726315785354715
0.991	0.1734456140242652
0.991	0.16008421052944755
0.999	0.0441263157809762
1.0	0.04468771928654196
1.0	0.11955087719699466
1.0	0.02770526315980348
1.0	1.0
0.0	0.00670877193054569
0.0	0.01560701755385594
0.0	0.009852631571939264
0.0	0.00247017544879097
0.999	0.0015157894793404387
0.0	0.001628070173609898
0.999	5.052631546776107E-4
1.0	0.006961403519150097
0.998	3.368421077207759E-4
0.989	6.456140376228382E-4
0.012	7.578947320572386E-4
1.0	0.018301754375346247
1.0	0.015635087717209138
0.999	4.210526239854955E-4
1.0	0.0038456140241681213
0.987	0.00766315790346882
0.03	0.02352280701900999
0.899	0.004547368419102758
1.0	0.0025824561470882863
0.0	0.0043789473546172065
0.986	0.07890526315830058
0.0	0.017908771917645724
1.0	0.023185964908682893
0.006	0.0010105263052779074
1.0	0.0023859649185248616
0.999	0.0010105263110955895
0.0	6.175438735514952E-4
0.003	6.175438570539985E-4
0.998	6.73684200849092E-4
1.0	0.005894736834377551
1.0	0.00488421051343147
0.016	0.007550877195501668
0.996	0.027480701746258728
1.0	0.0035929824461701275
0.032	0.012743859658976084
0.0	0.019845614042099533
0.004	7.859649132199143E-4
0.999	0.0014596491276170024
0.002	3.929824628655076E-4
0.0	0.0027228070265196747
0.999	0.002161403500707109
0.013	7.017543962408017E-4
1.0	0.028519298253942206
0.0	0.0018526315761541053
1.0	0.014849122797733691
0.999	0.002133333334014717
0.005	0.0021894736907974613
0.003	0.0012070175337189476
0.998	0.003873684200721532
1.0	0.002161403513599111
0.0	0.016842105276712364
1.0	0.028800000003384632
0.996	0.001094736843258531
1.0	0.0018807017621452914
0.0	9.824561420726835E-4
0.999	0.002133333334300546
0.002	6.736842042563611E-4
0.0	0.001487719295875732
0.999	8.982456108157677E-4
0.998	0.0021333333459266973
0.0	0.0019368420982812413
1.0	0.019677192985866572
0.0	0.001403508778081653
0.997	0.02234385964852972
0.002	0.002273684204672115
1.0	0.0019649122854489116
0.0	5.614035003104586E-4
0.0	3.087719350975638E-4
1.0	0.0011508771960381027
0.999	5.89473698048239E-4
0.002	5.894736735382625E-4
0.0	0.0029473684211917435
0.002	0.0010385964850284377
0.0	0.0022175438609001435
1.0	9.543859734997776E-4
0.0	6.736842161724145E-4
0.0	0.0020491228172658856
0.997	0.004715789468921361
0.004	0.0016280701679340362
0.003	6.456140453685549E-4
1.0	0.0011508772008659437
0.002	0.001235087728566907
0.999	0.0010666666776654535
0.0	0.007017543863748931
0.0	0.02520701754044254
1.0	0.004687719298850993
0.0	0.01877894735695646
1.0	0.0815438596510512
0.0	0.02237192983759969
0.003	0.001178947360179818
0.002	9.263157882584497E-4
0.014	0.007270175440445185
0.006	0.005922807012362026
0.014	0.005305263161313427
0.996	0.012575438598481484
0.998	0.0028350877194745464
0.012	0.003621052620539126
0.999	0.0012350877209377131
0.002	0.0012912280787805781
1.0	0.003536842097925171
0.0	0.001880701764834468
0.0	0.013192982466148943
0.0	0.009628070180482087
0.0	0.00971228068882259
1.0	0.0016280701891678339
0.0	0.0034526315834747844
1.0	0.0441263157986245
0.0	0.022596491237602503
0.999	0.0011228070293474775
0.0	0.0011228070272620012
0.0	6.736842156642825E-4
0.999	0.001656140348987067
1.0	0.04435087720036125
0.004	0.0012912280771544913
0.02	0.016757894722973104
0.0	0.009122807023764078
1.0	0.002722807021453611
0.996	0.004350877185548519
0.995	0.0015999999954315388
0.006	0.001599999998728846
1.0	0.005136842101763947
0.0	6.17543866622445E-4
0.988	8.14035080734182E-4
1.0	0.0016561403511364194
0.999	8.42105267012641E-4
0.999	0.0011789473549667004
0.0	7.859649146506758E-4
1.0	0.0025263157835819852
0.999	5.052631702845977E-4
0.0	6.736842016867667E-4
0.0	0.0010666666577964041
1.0	0.001122807022328181
1.0	0.020799999999229556
0.02	5.614035044844576E-4
0.0	5.89473682602923E-4
1.0	0.001263157907549884
0.0	0.0017122806925265284
0.0	0.0035929824431364422
0.0	0.0033964912285535218
1.0	0.04199298245034064
0.997	0.0018807017578357467
0.006	0.001431578949183613
0.999	0.001066666679968486
0.998	0.0028070175401998226
0.0	4.771929958894702E-4
0.0	0.0013473684084929914
1.0	0.03761403510046974
1.0	0.002021052639089042
0.998	0.001571929821986188
1.0	0.004856140357794148
1.0	0.003256140351613558
0.998	0.007607017544365934
0.999	0.007157894724188238
1.0	0.005080701749294299
1.0	0.0036210526273026474
0.999	0.004743859654640924
0.997	0.01336140350240889
0.0	0.003677192969581079
0.992	0.00232982456619008
1.0	0.017150877191960772
1.0	0.0014035087759720437
1.0	9.824561279448353E-4
0.002	6.175438562744782E-4
1.0	0.0022736842236869823
0.0	0.0042385964903527565
0.0	0.001459649123304834
1.0	0.011396491228513408
0.0	0.0023298245504517023
0.0	0.003901754376751949
0.002	0.001543859662710015
0.0	0.014007017550495177
1.0	0.00609122808392042
0.0	0.01198596490381937
1.0	0.0048561403474750835
0.0	0.011621052626002916
0.0	0.019873684224502086
1.0	0.00561403507917102
1.0	0.0028070175486461933
1.0	0.0022736842140193593
1.0	0.0018526315826007346
0.996	0.004659649123084467
0.0	0.0014877193037720032
1.0	0.0032842105260555724
1.0	0.002919298244236932
1.0	0.0030315789594609456
1.0	0.003592982463291141
0.998	0.002975438591572729
0.003	0.0014035087608415607
0.0	0.0017403508823697173
0.0	0.0019087719181506986
0.0	0.0012350877262687166
0.999	3.3684211921444415E-4
0.005	8.42105261368968E-4
0.999	8.982456271460492E-4
0.0	0.010329824568691246
0.0	0.010610526303085595
1.0	0.04502456141401086
1.0	0.0020210526428773436
0.0	0.0018526315784545856
1.0	0.002301754393795046
0.002	7.298245750965738E-4
0.999	0.001150877186484369
0.002	0.0011508771925290186
0.004	0.001122807014429569
0.997	0.0013473684095610232
0.0	7.859649248179277E-4
1.0	0.0019087719411525143
1.0	0.029670175434486596
0.0	0.0013192982423509564
1.0	0.01670175438896395
0.0	0.0015157894770495548
0.002	3.087719413047462E-4
0.999	5.333333232832094E-4
0.998	0.001094736848366619
0.999	0.0027508772001233165
0.0	0.0034526315704710925
0.0	0.04328421051727947
1.0	0.017740350864630838
1.0	0.0012350877187844128
0.0	9.543859634770657E-4
0.0	0.004912280707320406
0.016	0.006989473690510587
1.0	0.0017684210424776573
0.0	0.002329824569961267
1.0	0.0017403508910800722
0.998	0.002835087715934614
0.989	0.006035087705872044
0.997	0.0025824561323622183
0.999	0.0033403508850016438
0.998	0.002049122802492039
0.002	0.001628070165057294
0.003	0.0012631578824567682
1.0	0.0013473684256213397
0.0	5.333333280703184E-4
0.002	0.0013473684164684952
0.999	0.00190877193543271
0.998	4.7719298333187034E-4
0.003	8.701754333928389E-4
0.999	6.175438480232767E-4
0.002	5.052631547878635E-4
1.0	0.002582456140167312
0.998	8.421052756242368E-4
0.0	8.982456233884279E-4
1.0	0.001010526303608149
1.0	0.01847017544538767
0.999	8.421052737425246E-4
0.0	0.03651929825531022
0.002	0.0012070175557019503
1.0	0.005417543848516447
0.0	0.047775438587586996
0.999	0.00446315790322985
0.0	0.0024701754268411772
0.0	0.010554385968847202
0.003	0.0016561403631547495
0.998	0.002105263148815961
0.997	0.002245614035512053
0.0	0.030428070183305532
1.0	0.03722105262023515
0.0	0.0015157894735642616
1.0	0.006624561415411539
0.0	8.982456272485089E-4
1.0	8.421052495194826E-4
1.0	7.578947327269403E-4
0.002	2.2456140366600036E-4
0.0	0.001964912292366056
0.0	0.004070175443002851
0.0	0.003452631592811195
0.999	0.0010105263144140721
0.003	7.298245559802188E-4
0.0	0.002385964919896521
0.0	0.012014035086141869
0.0	8.701754371316196E-4
0.0	0.0012350877158436035
0.0	6.456140253805935E-4
1.0	0.014399999997180408
0.998	0.0032000000075705338
0.0	0.04435087718088776
0.0	0.007663157889375164
1.0	0.018722807026293885
0.999	0.0012350877128010256
1.0	0.0010105263172830918
0.999	8.982456043348373E-4
0.0	7.57894727469893E-4
0.0	0.001571929814921896
0.0	0.005024561410983066
0.0	0.008140350880184244
0.0	0.0021894736726894236
0.0	0.0014596491245855822
0.0	0.003284210528419145
0.0	0.0021333333219023757
0.0	3.649122851244421E-4
0.003	0.002526315795404271
0.998	0.02798596491396752
0.0	0.005754385972511649
0.0	0.018807017539873926
1.0	0.009038596504748963
0.999	0.0044912280570842756
0.999	0.0010666666712498612
1.0	0.0025824561300392262
0.0	0.0024982456077765254
1.0	0.04774736843028776
1.0	0.0030035087850084465
0.999	7.017543819258047E-4
1.0	0.0015719298357168543
1.0	0.002610526329811277
0.0	0.08387368421333032
0.0	0.007635087728338587
0.999	0.0035368421050906594
0.0	5.333333348887943E-4
0.0	5.052631489884778E-4
0.0	0.0013754385853973381
0.003	0.0013754386067811222
1.0	0.0012350877140523751
0.002	5.052631560931856E-4
0.999	3.368421143297906E-4
0.002	7.298245486392381E-4
0.999	8.140351000838605E-4
0.998	8.701754312483653E-4
0.005	0.0023578947260453117
1.0	0.0013754385965995522
0.998	0.0012912280669794172
0.999	7.859649199155555E-4
0.005	8.982456255107766E-4
0.0	0.0018807017529419926
0.0	9.54385978136886E-4
0.0	0.0017684210567951385
1.0	0.016926315777419803
1.0	0.007859649131551436
0.0	0.0014315789335128482
1.0	0.025122807017214373
1.0	0.0019087719298146349
0.0	0.0010666666792311268
1.0	0.00729824561013761
0.0	7.298245550186965E-4
0.002	7.298245687801382E-4
0.999	0.0011228070066106018
0.986	8.421052739017677E-4
0.0	0.004659649114637916
0.0	0.01670175438342179
0.0	0.001459649119104335
0.003	0.0016000000136198785
0.997	0.0015719298350389396
1.0	0.0032000000025287282
0.0	0.019649122795505403
0.0	0.002470175450334594
0.0	0.0010105263137489948
0.997	0.0021894736730390086
0.003	0.0012912280839881306
0.002	0.0012631578959525454
0.003	0.0014877193116591895
0.003	0.0013473684315898201
0.0	0.010526315791689524
1.0	0.008898245612539499
0.0	0.01254736841426367
0.999	0.0069333333363755896
0.0	0.009431578955882218
1.0	0.018329824554394285
0.01	7.298245670231862E-4
0.997	0.0027508772028950767
1.0	0.008084210516787009
0.996	0.0021614035205719273
0.0	0.0019368420982045162
0.998	0.0017964912210200123
0.0	0.001010526320262785
0.002	8.421052684214889E-4
0.0	0.0013754385938673957
0.0	0.006119298235254406
0.984	0.009459649127051837
1.0	0.00516491228945902
1.0	0.0013754386027789323
0.999	6.736842213792505E-4
0.0	5.333333270656891E-4
0.999	0.0014315789403626193
0.998	3.64912277099156E-4
0.0	0.0018807017643347693
1.0	0.004856140337874748
1.0	0.01796491228528223
0.999	6.456140310278406E-4
0.0	0.0030035087685192897
0.0	0.015101754372795586
0.998	7.859649162324349E-4
1.0	0.002133333342523443
1.0	0.002105263171875554
0.0	4.771929831216241E-4
0.0	0.002329824563242668
0.999	0.007185964900425664
0.989	0.0024421052587609657
0.005	0.0016000000128108972
1.0	0.0011789473668412293
0.0	0.005726315776411174
0.006	0.0014035087699474718
0.009	0.003929824565748213
0.989	0.0040982456165237335
0.008	0.003957894738292753
0.011	0.01656140350981152
0.917	0.027677192984570286
0.019	0.024140350885545704
0.016	0.022428070169541108
1.0	7.298245673067197E-4
0.0	0.001010526321525487
0.003	4.2105263930688157E-4
0.0	0.005726315796363274
1.0	9.543859605440823E-4
0.995	0.0013192982373424684
0.002	0.001796491228543778
0.006	0.001543859662468958
0.996	0.0010105263237816901
0.0	0.00808421053570005
0.0	0.005192982465810833
0.691	0.08451929824190837
0.0	0.010105263152108622
1.0	0.008870175428198174
0.0	0.001571929821986087
1.0	0.003031578937411015
1.0	0.0012631579084325635
0.0	0.0014596491273243287
1.0	0.008364912286863655
1.0	0.034919298233830845
0.0	0.0030596491220287645
0.931	0.033852631581940865
0.0	0.00729824561176001
0.0	0.0028912280593513845
0.0	0.0014315789348408692
1.0	0.03079298244989709
0.0	0.0037894736825763004
0.0	0.1282807017450989
0.995	8.140350833281036E-4
0.0	0.0013754385985890985
1.0	0.002638596503743308
1.0	0.017880701744392612
1.0	0.01178947367146063
0.0	0.0013473684292656057
1.0	0.007326315780521743
0.0	0.006119298241591223
1.0	0.035284210522432365
1.0	0.0018807017639185873
0.0	0.0029192982474821115
0.986	0.0051087719216788155
1.0	0.0026105263121318886
0.0	0.00115087718149661
0.0	0.015607017538690428
0.998	0.0020491228139275022
0.0	0.02877192981663975
0.999	0.004350877196640347
0.0	0.01263157895576326
0.0	0.005192982452871708
1.0	0.0043508771888264575
0.993	0.07219649121992233
0.0	0.015214035097638622
0.008	0.015859649123471875
1.0	0.001263157905616587
0.0	0.00199298244563792
1.0	0.04471578948190332
0.0	0.0025824561353035053
0.002	7.298245742875973E-4
0.998	6.175438583049682E-4
0.999	0.03598596491723943
0.003	0.0017964912379504806
0.0	0.0027789473713730867
0.999	6.736842067361509E-4
0.002	5.052631440300349E-4
0.991	6.175438705640722E-4
1.0	0.02722807018107317
0.999	0.0019649122861606838
0.0	0.005698245608028864
0.0	0.0037052631686146312
0.0	0.0060070175405695855
1.0	0.0021333333309522676
1.0	0.016028070172846007
0.0	0.001178947354461949
1.0	0.027115789481128274
0.998	0.0010666666719065271
0.998	0.0011228070089890408
1.0	0.02731228070833208
0.005	0.0017964912406069641
0.004	0.0012631579056349511
0.005	0.0015999999985857863
0.003	9.543859529696269E-4
0.995	0.00611929825869804
0.006	0.004435087726822011
0.0	0.0015157894866801302
0.994	0.0025824561416173068
0.0	0.0010947368295866889
0.997	0.04314385963923305
1.0	0.002414035077694942
0.0	0.005024561410321027
0.999	0.0012070175309371828
0.999	0.0027228070177615893
0.0	0.0037894736868890294
0.999	0.015663157905791043
1.0	0.004715789473991259
1.0	0.008589473689673652
1.0	0.03795087720596331
1.0	0.007719298252563335
1.0	0.009178947361624756
0.0	0.025066666671027686
1.0	0.008028070187131534
0.0	0.2813473684346345
0.0	0.008589473683074089
1.0	0.0016561403597375336
1.0	0.00171228069089825
0.998	0.003621052620952301
0.0	0.0804491228096638
0.691	0.09914385965719352
1.0	0.023157894749133868
0.0	7.578947255511701E-4
1.0	0.0024140350940270693
0.0	0.0058385964825517665
0.0	0.0033964912387248625
1.0	0.00788771928644833
0.0	7.298245670264792E-4
0.999	0.001150877188068357
0.0	9.263157877671188E-4
0.998	0.0014035087790850304
0.002	4.2105262545317964E-4
0.0	0.0012912280600034646
1.0	0.03854035088001784
0.0	5.333333258743283E-4
1.0	0.026919298253791357
0.997	0.0031438596413625166
0.0	0.002217543855050927
0.0	9.263157812764028E-4
1.0	0.003115789462911145
1.0	0.03848421053826935
0.0	3.6491228568624235E-4
0.0	0.0042666666549578776
0.0	0.0019649122834384074
0.999	0.004294736850400431
0.013	0.018666666664064312
0.989	0.0041824561412509035
0.0	0.025768421040457002
1.0	0.006456140362755527
0.0	0.10464561404899261
1.0	0.003985964921712948
1.0	0.005698245613028368
0.0	0.13223859650539305
0.002	0.0017684210533831116
0.998	7.578947339992707E-4
1.0	0.0016280701724439928
0.002	0.0011228070290762494
0.999	0.08898245615162978
1.0	0.022736842093075024
0.0	0.10181052631087577
1.0	0.02214736841094553
0.0	0.08145964912665732
1.0	0.05802105262194779
0.0	0.023101754379341897
1.0	0.03674385965029918
0.169	0.212435087718653
1.0	0.014568421058912793
1.0	0.030652631578069533
1.0	0.01507368421774126
0.0	4.491228117714103E-4
0.0	0.0013473684142549585
1.0	0.004491228061253336
0.002	9.54385972834629E-4
0.997	0.002329824548520439
0.986	0.015214035089102618
1.0	0.026554385961096473
0.012	0.0018807017646299594
0.002	4.771929906416079E-4
0.999	0.0010385965031035754
0.0	0.022905263151748234
1.0	0.018301754377936
1.0	0.03755789474481748
1.0	0.019059649132906097
1.0	0.02868771931038808
0.0	0.0011789473822125527
0.998	0.01277192981251044
0.0	3.9298244858339563E-4
1.0	0.019087719309467892
0.0	0.0030596491349571936
0.0	0.04435087718453534
0.999	0.00435087718565742
1.0	0.0034245614028914346
0.008	0.00232982455082314
0.0	0.0072701754415206805
0.0	0.0015438596412707898
0.999	0.0012631579037649325
0.0	0.007354385974264456
0.0	0.04533333332259874
0.861	0.2643649122894942
0.998	7.859649137084525E-4
1.0	0.036322807024736614
1.0	0.02812631578074049
