※最後の1回が代表してプロットされています。
0	1000	232	5978
1	999	22	1996
2	999	17	1996
3	0	41	0
4	1000	279	1998
5	2	12	2
6	999	14	1996
7	17	471	104
8	999	83	1996
9	1000	43	3988
10	987	804	7858
11	0	335	0
12	0	64	0
13	0	37	0
14	0	50	0
15	1000	786	1998
16	0	18	0
17	1000	102	1998
18	1000	112	1998
19	6	61	10
20	995	41	1988
21	0	114	0
22	0	138	0
23	1000	1005	1998
24	999	26	3956
25	1000	168	5946
26	0	33	0
27	1000	627	1998
28	0	91	0
29	999	15	1996
30	2	15	2
31	6	60	16
32	999	64	3988
33	997	51	7936
34	998	59	1994
35	996	274	3964
36	993	462	13782
37	1000	126	1998
38	0	197	0
39	0	718	0
40	1000	122	1998
41	999	202	3986
42	999	548	11912
43	1000	150	1998
44	1000	151	1998
45	166	3723	7376
46	0	222	0
47	988	735	9826
48	861	4608	44872
49	26	144	50
50	975	124	1948
51	11	135	20
52	0	522	0
53	999	137	3984
54	998	131	1994
55	19	713	180
56	996	141	1990
57	990	1441	19570
58	999	230	5972
59	1000	107	1998
60	1000	71	1998
61	999	94	3986
62	1000	1541	5976
63	0	51	0
64	0	201	0
65	0	44	0
66	5	299	12
67	997	569	3980
68	1000	89	1998
69	0	67	0
70	0	86	0
71	0	270	0
72	0	121	0
73	999	37	3986
74	4	56	6
75	998	61	5964
76	4	54	6
77	0	36	0
78	1000	86	1998
79	0	26	0
80	0	66	0
81	1000	225	1998
82	1000	459	1998
83	0	127	0
84	0	219	0
85	1000	45	1998
86	0	27	0
87	1000	191	3992
88	0	67	0
89	997	26	1992
90	4	36	6
91	998	54	1994
92	1000	1615	5970
93	0	291	0
94	0	44	0
95	996	57	1990
96	3	42	4
97	5	71	8
98	996	93	1990
99	9	77	16
100	998	142	5958
101	1000	46	1998
102	4	69	6
103	1000	43	1998
104	11	99	54
105	0	22	0
106	1000	38	1998
107	1000	75	1998
108	0	25	0
109	0	29	0
110	0	230	0
111	1000	91	1998
112	999	384	5988
113	1000	55	2000
114	11	107	36
115	2	20	2
116	999	16	1996
117	16	79	36
118	1000	35	1998
119	22	89	82
120	981	87	3922
121	0	65	0
122	994	83	1986
123	0	160	0
124	997	64	3976
125	1000	1582	5966
126	0	69	0
127	999	45	1996
128	0	775	0
129	1000	42	3990
130	1000	2626	7964
131	0	125	0
132	999	36	1996
133	1000	104	3990
134	0	17	0
135	1000	1055	1998
136	2	64	2
137	995	136	1988
138	2	76	2
139	4	98	6
140	1000	19	1998
141	0	9	0
142	0	57	0
143	1000	111	1998
144	1000	46	1998
145	0	30	0
146	1000	33	1998
147	0	15	0
148	1000	1069	1998
149	0	21	0
150	0	93	0
151	1000	685	1998
152	995	62	1988
153	5	110	8
154	998	177	7942
155	1000	58	1998
156	0	83	0
157	1000	68	2002
158	0	16	0
159	1000	36	1998
160	8	34	14
161	993	34	1984
162	2	56	2
163	0	49	0
164	999	140	1996
165	0	27	0
166	1000	73	1998
167	2	26	2
168	0	72	0
169	1000	136	1998
170	5	16	8
171	1000	36	2002
172	1000	71	1998
173	0	17	0
174	0	23	0
175	1000	627	1998
176	1000	52	3966
177	173	1924	1020
178	0	280	0
179	0	198	0
180	0	88	0
181	830	1964	4936
182	989	153	1976
183	2	45	2
184	0	55	0
185	1000	81	1998
186	999	127	1996
187	2	25	2
188	0	94	0
189	0	516	0
190	996	244	1990
191	1000	84	1998
192	998	3163	17778
193	0	1875	0
194	1000	96	1998
195	1000	113	3986
196	11	292	36
197	1000	115	5972
198	1000	23	1998
199	3	29	4
200	1000	34	1998
201	3	30	4
202	999	33	1996
203	7	198	20
204	3	36	4
205	994	571	3966
206	999	47	1996
207	2	21	2
208	0	16	0
209	1000	1060	1998
210	998	2891	5964
211	1000	84	1998
212	0	125	0
213	0	184	0
214	0	130	0
215	997	82	1992
216	0	91	0
217	0	385	0
218	2	22	2
219	999	38	1996
220	999	19	3988
221	1000	19	1998
222	999	46	1996
223	2	30	2
224	999	32	2026
225	19	24	36
226	6	32	10
227	995	38	1988
228	2	60	2
229	999	167	1996
230	0	24	0
231	2	30	2
232	999	60	1996
233	999	28	1996
234	1000	1486	5978
235	0	49	0
236	1000	651	1998
237	4	31	6
238	997	39	1992
239	1000	128	1998
240	0	44	0
241	0	15	0
242	1000	135	1998
243	1000	45	3990
244	999	33	1996
245	998	15	1994
246	1000	633	3988
247	1000	140	1998
248	0	32	0
249	983	81	1964
250	10	77	18
251	1000	304	1998
252	0	22	0
253	1000	54	5972
254	998	24	3982
255	2	14	2
256	999	76	1996
257	1000	66	1998
258	996	22	1990
259	5	26	8
260	0	31	0
261	999	44	1996
262	999	66	3986
263	2	30	2
264	999	29	1996
265	4	19	6
266	1000	992	1998
267	0	24	0
268	0	107	0
269	0	21	0
270	1000	65	1998
271	2	31	2
272	999	75	1996
273	0	25	0
274	1000	1527	1998
275	0	93	0
276	1000	340	1998
277	0	20	0
278	0	134	0
279	1000	610	1998
280	984	24	1966
281	0	23	0
282	0	81	0
283	0	113	0
284	1000	1143	1998
285	1000	69	1998
286	0	17	0
287	25	411	132
288	0	469	0
289	0	143	0
290	997	836	27452
291	1000	167	1998
292	1000	165	1998
293	15	505	28
294	0	441	0
295	1000	569	9948
296	1000	129	1998
297	16	637	56
298	0	308	0
299	0	227	0
300	1000	70	1998
301	0	28	0
302	987	36	1972
303	999	33	1996
304	1000	140	5978
305	999	36	1996
306	0	32	0
307	1000	122	1998
308	1000	626	1998
309	999	27	1996
310	2	13	2
311	1000	1593	5978
312	998	60	1994
313	0	97	0
314	0	41	0
315	1000	54	1998
316	4	56	6
317	1000	54	3990
318	0	93	0
319	977	319	5842
320	0	11	0
321	1000	23	1998
322	999	23	1996
323	4	84	8
324	0	47	0
325	998	100	1996
326	999	42	1996
327	1000	1332	5978
328	0	58	0
329	999	112	3988
330	0	70	0
331	0	584	0
332	1000	2559	1998
333	0	78	0
334	0	216	0
335	0	734	0
336	3	18	4
337	998	14	1994
338	999	200	1996
339	2	26	2
340	0	58	0
341	0	34	0
342	1000	471	1998
343	2	31	2
344	999	36	1996
345	0	1094	0
346	1000	191	5974
347	1000	59	1998
348	1000	1912	11920
349	1000	108	1998
350	0	385	0
351	1000	611	7960
352	997	64	1992
353	1000	41	1998
354	999	36	1996
355	2	21	2
356	999	37	1996
357	998	38	1994
358	3	30	4
359	1000	1007	1998
360	2	19	2
361	999	47	1996
362	3	57	4
363	0	34	0
364	998	110	1994
365	1000	1006	1998
366	0	286	0
367	2	31	2
368	999	39	1996
369	3	65	4
370	998	83	3982
371	1000	115	1998
372	0	17	0
373	997	56	1992
374	32	113	62
375	969	113	1936
376	999	19	1996
377	2	9	2
378	998	50	1994
379	3	54	4
380	6	107	16
381	993	227	3960
382	5	172	12
383	998	60	1994
384	1000	992	3990
385	0	138	0
386	999	33	1996
387	0	77	0
388	1000	109	1998
389	999	34	1996
390	0	28	0
391	1000	982	3982
392	1000	517	9932
393	1000	55	1998
394	1000	61	1998
395	996	54	3974
396	0	206	0
397	0	24	0
398	1000	304	1998
399	999	124	1996
400	2	26	2
401	992	24	1982
402	999	18	3972
403	997	68	1992
404	4	62	8
405	6	43	10
406	3	51	4
407	998	1341	13808
408	997	138	3974
409	0	239	0
410	9	258	28
411	998	94	3962
412	0	133	0
413	998	84	1994
414	993	135	1984
415	998	48	1994
416	4	50	8
417	3	38	4
418	999	196	1996
419	19	886	156
420	999	256	3982
421	0	315	0
422	0	427	0
423	997	180	1992
424	19	932	154
425	1000	168	1998
426	1000	214	1998
427	962	1175	24642
428	1000	164	2020
429	999	323	3986
430	34	1134	546
431	0	339	0
432	1000	323	3982
433	999	31	1996
434	2	33	2
435	0	44	0
436	0	33	0
437	1000	206	1998
438	997	25	1992
439	4	25	6
440	999	60	1996
441	2	52	2
442	0	43	0
443	1000	132	7956
444	0	181	0
445	1000	51	3982
446	0	140	0
447	0	126	0
448	14	315	98
449	1000	44	1998
450	0	14	0
451	1000	121	1998
452	999	19	1996
453	2	29	2
454	1000	125	1998
455	0	119	0
456	999	5634	7958
457	999	219	1996
458	1000	135	1998
459	0	679	0
460	5	108	8
461	0	222	0
462	0	1590	0
463	0	3648	0
464	1000	142	3992
465	0	32	0
466	998	40	1994
467	7	40	12
468	998	12	1994
469	3	20	4
470	998	80	1994
471	2	27	2
472	999	17	1996
473	1000	35	3990
474	999	21	1996
475	1000	691	3990
476	996	10	1990
477	1000	666	3984
478	1000	606	1998
479	0	24	0
480	2	12	2
481	999	50	1996
482	0	61	0
483	1000	75	1998
484	998	59	1994
485	3	10	4
486	3	40	4
487	999	135	11898
488	1000	61	3990
489	1000	313	21690
490	0	68	0
491	991	127	3956
492	0	82	0
493	0	77	0
494	995	53	7896
495	996	191	9862
496	2	21	2
497	0	24	0
498	1000	114	1998
499	3	54	4
500	999	48	1996
501	0	46	0
502	990	78	1978
503	6	51	10
504	999	27	1996
505	2	21	2
506	0	176	0
507	0	182	0
508	19	334	96
509	5	92	12
510	982	537	5874
511	1000	61	1998
512	1000	85	1998
513	999	31	1996
514	2	17	2
515	1000	119	1998
516	0	31	0
517	2	22	2
518	999	38	1996
519	1000	61	1998
520	0	35	0
521	1000	283	1998
522	0	933	0
523	861	5816	30282
524	1000	198	1998
525	1000	520	5978
526	0	1069	0
527	0	698	0
528	998	317	5938
529	0	202	0
530	1000	441	1998
531	999	281	1996
532	994	254	1986
533	157	4819	4988
534	0	157	0
535	0	1013	0
536	0	254	0
537	0	179	0
538	0	91	0
539	986	84	1970
540	15	94	28
541	0	42	0
542	998	118	1994
543	1000	1720	13882
544	1000	107	1998
545	999	109	1996
546	0	113	0
547	1000	181	1998
548	999	159	3974
549	0	142	0
550	0	710	0
551	1000	142	1998
552	0	303	0
553	0	19	0
554	0	106	0
555	1000	650	1998
556	997	43	1992
557	4	33	6
558	0	81	0
559	1000	3024	1998
560	0	122	0
561	0	103	0
562	0	111	0
563	0	51	0
564	0	79	0
565	5	101	8
566	0	88	0
567	1000	57	1998
568	0	25	0
569	0	62	0
570	996	26	1990
571	5	41	8
572	3	22	4
573	1000	93	1998
574	0	37	0
575	1000	1564	3980
576	0	221	0
577	994	32	1986
578	1000	157	1998
579	998	66	1994
580	999	96	5968
581	7	71	12
582	11	22	20
583	996	81	1990
584	5	61	8
585	1000	1081	1998
586	0	29	0
587	998	50	3982
588	2	47	2
589	999	75	1996
590	999	1055	1996
591	0	33	0
592	1000	689	1998
593	0	30	0
594	1000	530	1998
595	13	77	62
596	1000	56	4000
597	12	46	22
598	999	69	5978
599	0	27	0
600	1000	366	3988
601	998	32	1994
602	997	62	1992
603	998	66	1994
604	1000	131	11918
605	1000	41	1998
606	1000	61	1998
607	0	41	0
608	1000	342	1998
609	0	110	0
610	0	54	0
611	1000	66	1998
612	998	38	1994
613	3	26	4
614	999	91	1996
615	0	8	0
616	1000	534	1998
617	2	34	2
618	0	10417	0
619	1000	442	1998
620	1000	623	5978
621	0	5706	0
622	1000	752	3992
623	1000	338	1998
624	0	321	0
625	1000	288	1998
626	998	16777	112098
627	1000	327	1998
628	999	435	3986
629	0	1677	0
630	990	1282	21480
631	1000	272	1998
632	990	948	1978
633	1000	333	1998
634	1000	318	1998
635	1000	490	1998
636	62	1152	240
637	1000	769	1998
638	1000	1337	11862
639	1000	321	1998
640	1000	629	5976
641	0	10492	0
642	1000	1084	3984
643	0	14	0
644	1000	94	1998
645	984	3482	11710
646	0	1663	0
647	1000	956	1998
648	240	12222	23760
649	0	611	0
650	1000	4171	27548
651	1000	945	5980
652	1000	3109	21478
653	0	572	0
654	776	35463	205454
655	1000	1306	1998
656	1000	955	1998
657	1000	606	3986
658	1000	1000	5966
659	0	2171	0
660	1000	1396	5980
661	1000	562	1998
662	1000	974	11902
663	1000	981	5980
664	986	2297	1970
665	997	5429	48478
666	1000	638	5962
667	0	2384	0
668	1000	575	1998
669	1000	673	1998
670	0	3596	0
671	1000	2209	5980
672	1000	1280	1998
673	1000	653	1998
674	1000	633	1998
675	1000	1314	5980
676	316	2974	4322
677	1000	668	1998
678	1000	663	1998
679	1000	643	1998
680	0	9852	0
681	1000	1988	11856
682	314	3500	3090
683	1000	1280	5980
684	1000	1286	1998
685	1000	643	1998
686	0	3884	0
687	303	17629	45396
688	1000	617	1998
689	0	997	0
690	1000	713	1998
691	1000	1964	5974
692	1000	943	3992
693	0	3382	0
694	1000	712	3988
695	1000	662	1998
696	1000	612	1998
697	0	29	0
698	1000	127	1998
699	0	20	0
700	1000	174	1998
701	0	29	0
702	1000	109	1998
703	0	53	0
704	1000	1551	3990
705	999	33	1996
706	0	33	0
707	1000	463	1998
708	13	262	60
709	994	268	15762
710	1000	136	3990
711	1000	110	4016
712	1000	93	2018
713	11	237	34
714	999	142	1996
715	1000	69	1998
716	0	76	0
717	999	29	1996
718	998	63	3982
719	1000	1078	7956
720	1000	333	7960
721	1000	44	1998
722	997	93	1992
723	1000	1079	1998
724	0	55	0
725	0	57	0
726	1000	299	1998
727	0	113	0
728	1000	135	1998
729	1000	47	1998
730	0	21	0
731	999	34	1996
732	2	32	2
733	1000	69	1998
734	0	223	0
735	1000	63	3990
736	996	69	7904
737	1000	327	17772
738	3	19	4
739	998	21	1994
740	1000	136	1998
741	0	30	0
742	1000	193	1998
743	0	109	0
744	0	125	0
745	0	21	0
746	998	529	3980
747	0	76	0
748	0	114	0
749	4	136	8
750	0	141	0
751	1000	162	3988
752	0	517	0
753	1000	4799	19774
754	0	130	0
755	1000	87	3986
756	1000	72	1998
757	995	76	1988
758	1000	171	9940
759	0	329	0
760	999	81	3988
761	41	393	228
762	996	68	1990
763	952	340	5684
764	999	68	1996
765	0	61	0
766	999	20	1996
767	2	14	2
768	9	208	36
769	999	164	1996
770	0	952	0
771	0	333	0
772	1000	218	3990
773	0	145	0
774	0	356	0
775	999	20	1996
776	1000	54	3990
777	15	32	28
778	999	43	2008
779	1000	85	4012
780	995	57	3970
781	3	34	4
782	1000	34	1998
783	1000	1526	3992
784	0	127	0
785	0	597	0
786	998	56	1994
787	1000	2645	3988
788	0	114	0
789	2	13	2
790	999	21	1996
791	999	71	1996
792	1000	1097	3990
793	0	75	0
794	0	39	0
795	0	34	0
796	999	1053	23580
797	0	419	0
798	1000	69	5976
799	0	803	0
800	0	45	0
801	998	38	1994
802	1000	86	1998
803	0	27	0
804	1000	129	1998
805	999	29	1996
806	2	23	2
807	1000	1544	3990
808	999	30	1996
809	16	58	30
810	994	220	7916
811	12	68	22
812	999	16	1996
813	1000	30	3990
814	0	50	0
815	0	27	0
816	0	58	0
817	0	52	0
818	0	120	0
819	1000	330	1998
820	0	88	0
821	999	21	1996
822	1000	85	3990
823	989	26	1976
824	999	184	3966
825	999	809	1996
826	0	24	0
827	2	30	2
828	0	48	0
829	0	303	0
830	1000	1607	5982
831	0	103	0
832	1000	78	1998
833	0	42	0
834	1000	74	1998
835	1000	159	3990
836	0	61	0
837	0	19	0
838	1000	63	1998
839	999	559	1996
840	2	27	2
841	1000	380	1998
842	1000	62	3992
843	1000	392	3988
844	1000	373	3990
845	0	2371	0
846	1000	1464	3992
847	1000	378	1998
848	1000	724	7924
849	0	1476	0
850	1000	378	1998
851	1000	530	1998
852	0	1323	0
853	1000	375	1998
854	999	711	5966
855	1000	560	1998
856	1000	322	1998
857	995	1805	31286
858	1000	321	1998
859	1000	382	1998
860	1000	414	1998
861	1000	390	1998
862	1000	721	1998
863	1000	574	5960
864	0	352	0
865	0	552	0
866	1000	409	1998
867	1000	1320	7960
868	1000	432	1998
869	209	10153	19388
870	1000	370	3988
871	1000	374	1998
872	999	537	1996
873	691	12357	86632
874	999	39	1996
875	1000	35	3990
876	3	38	4
877	998	67	3984
878	1000	60	1998
879	1000	2129	3976
880	992	49	1982
881	0	78	0
882	0	81	0
883	1000	51	1998
884	0	86	0
885	998	95	1994
886	0	55	0
887	0	38	0
888	0	67	0
889	996	70	1990
890	0	95	0
891	1000	60	1998
892	5	78	8
893	985	62	1968
894	995	167	3942
895	7	157	20
896	14	24	26
897	5	63	8
898	996	31	1990
899	3	19	4
900	998	26	1994
901	2	11	2
902	999	25	1996
903	999	32	1996
904	999	67	1996
905	0	220	0
906	0	190	0
907	1000	65	1998
908	1000	117	3990
909	999	19	1996
910	3	34	4
911	1000	97	3990
912	999	31	1996
913	998	63	1994
914	0	834	0
915	1000	1000	1998
916	2	27	2
917	999	37	1996
918	1000	2567	1998
919	0	30	0
920	0	69	0
921	0	50	0
922	1000	155	1998
923	0	55	0
924	999	81	1996
925	2	15	2
926	0	18	0
927	1000	34	1998
928	1000	1580	5980
929	999	27	1996
930	1000	26	1998
931	0	26	0
932	999	15	1996
933	0	18	0
934	1000	1039	1998
935	1000	124	1998
936	991	1452	31142
937	0	167	0
938	1000	114	1998
939	0	653	0
940	29	853	360
941	101	179	200
942	0	103	0
943	998	429	19686
944	1000	113	1998
945	998	71	1994
946	3	50	4
947	35	1478	348
948	0	105	0
949	996	116	1990
950	971	1835	11566
951	0	238	0
952	999	259	3988
953	0	356	0
954	1000	188	1998
955	0	179	0
956	997	15	1992
957	4	23	6
958	981	20	1960
959	1000	134	3954
960	995	15	1988
961	6	25	10
962	4	54	6
963	997	60	1992
964	0	108	0
965	1000	506	1998
966	1000	39	1998
967	0	21	0
968	0	24	0
969	1000	200	1998
970	0	712	0
971	1000	127	1998
972	1000	167	1998
973	0	666	0
974	0	489	0
975	998	367	9926
976	993	225	5940
977	995	43	5934
978	1000	24	1998
979	0	36	0
980	0	236	0
981	0	258	0
982	1000	1302	1998
983	999	42	1996
984	2	24	2
985	2	49	2
986	995	96	1988
987	0	58	0
988	999	103	3984
989	1000	18	1998
990	0	12	0
991	999	64	3988
992	0	43	0
993	1000	198	5978
994	0	461	0
995	1000	2092	1998
996	0	1333	0
997	1000	70	1998
998	1000	104	1998
999	0	38	0
1000	1000	36	1998
1001	1000	68	1998
1002	0	193	0
1003	0	73	0
1004	0	1124	0
1005	0	212	0
1006	1000	1044	1998
1007	0	72	0
1008	1000	661	1998
1009	2	21	2
1010	0	26	0
1011	999	25	1996
1012	4	33	6
1013	0	114	0
1014	1000	32	1998
1015	1000	966	3992
1016	2	32	2
1017	999	32	1996
1018	1000	178	1998
1019	0	12	0
1020	2	32	2
1021	999	45	1996
1022	0	53	0
1023	1000	138	1998
1024	0	64	0
1025	1000	82	1998
1026	0	113	0
1027	0	1219	0
1028	998	130	1994
1029	0	230	0
1030	1000	2106	7962
1031	0	22	0
1032	1000	36	1998
1033	0	41	0
1034	0	2882	0
1035	0	738	0
1036	0	617	0
1037	0	1301	0
1038	0	1087	0
1039	1000	273	1998
1040	995	500	1988
1041	0	236	0
1042	0	618	0
1043	1000	333	3990
1044	991	3645	53530
1045	0	716	0
1046	0	1336	0
1047	1000	208	1998
1048	999	204	1996
1049	0	1315	0
1050	1000	226	1998
1051	1000	568	5980
1052	1000	256	1998
1053	999	23	1996
1054	1000	1631	5980
1055	1000	31	3990
1056	1000	85	1998
1057	0	35	0
1058	1000	497	3990
1059	999	29	1996
1060	2	27	2
1061	999	33	1996
1062	0	113	0
1063	1000	153	1998
1064	1000	41	1998
1065	3	46	4
1066	3	28	4
1067	1000	117	5980
1068	993	39	1984
1069	8	45	14
1070	0	20	0
1071	1000	118	1998
1072	1000	1062	1998
1073	0	10	0
1074	1000	505	1998
1075	0	6	0
1076	1000	20	1998
1077	0	25	0
1078	995	56	3952
1079	998	85	1994
1080	999	33	1996
1081	1000	1077	1998
1082	0	71	0
1083	2	34	2
1084	0	27	0
1085	0	124	0
1086	0	75	0
1087	0	155	0
1088	4	88	8
1089	1000	89	1998
1090	998	411	3984
1091	0	22	0
1092	986	255	5898
1093	970	354	5802
1094	0	405	0
1095	1000	84	1998
1096	1000	90	1998
1097	1000	1509	1998
1098	0	57	0
1099	0	29	0
1100	0	124	0
1101	1000	654	1998
1102	998	50	1994
1103	3	30	4
1104	1000	1073	1998
1105	0	31	0
1106	1000	114	1998
1107	0	70	0
1108	0	65	0
1109	999	83	3956
1110	0	251	0
1111	1000	659	1998
1112	0	21	0
1113	0	39	0
1114	1000	987	1998
1115	1000	35	1998
1116	0	38	0
1117	1000	694	1998
1118	1000	42	1998
1119	0	39	0
1120	1000	258	7966
1121	2	23	2
1122	1000	4215	7960
1123	1000	77	3988
1124	998	158	1994
1125	0	84	0
1126	0	2149	0
1127	0	126	0
1128	1000	1093	1998
1129	0	73	0
1130	1000	75	1998
1131	0	13	0
1132	0	105	0
1133	6	66	10
1134	1000	145	2004
1135	999	30	1996
1136	0	61	0
1137	999	101	1996
1138	2	15	2
1139	0	26	0
1140	0	33	0
1141	0	62	0
1142	1000	1046	1998
1143	1000	440	1998
1144	2	14	2
1145	999	28	2010
1146	999	55	3986
1147	999	66	1996
1148	2	24	2
1149	0	45	0
1150	1000	469	1998
1151	0	411	0
1152	1000	3118	5946
1153	1000	1691	5978
1154	1000	3665	1998
1155	1000	2646	9938
1156	1000	1605	3990
1157	1000	1100	1998
1158	1000	1023	1998
1159	1000	1105	1998
1160	1000	6880	44864
1161	1000	1037	3984
1162	999	1092	1996
1163	1000	2623	5976
1164	1000	3003	7960
1165	1000	1027	1998
1166	1000	3691	9932
1167	1000	1999	3990
1168	987	5763	11756
1169	1000	4098	13898
1170	1000	2656	5980
1171	1000	1018	1998
1172	1000	983	1998
1173	1000	5870	17760
1174	1000	1066	1998
1175	1000	1126	1998
1176	1000	2085	1998
1177	1000	1020	1998
1178	1000	1609	1998
1179	1000	2112	3990
1180	986	4112	3936
1181	1000	2689	9936
1182	1000	1064	1998
1183	1000	1526	5980
1184	1000	1097	1998
1185	1000	2138	3988
1186	1000	7147	43908
1187	1000	1054	1998
1188	997	3571	11834
1189	1000	1070	1998
1190	1000	1545	3988
1191	1000	1070	1998
1192	1000	1546	3990
1193	999	16370	158956
1194	1000	1503	3992
1195	1000	2167	5970
1196	1000	1004	1998
1197	1000	1079	1998
1198	995	6374	15630
1199	1000	7195	21728
1200	1000	1521	1998
1201	1000	3319	5980
1202	1000	2614	1998
1203	691	28623	152076
1204	1000	2572	3992
1205	1000	1599	1998
1206	987	7215	38778
1207	1000	1144	1998
1208	1000	2177	1998
1209	1000	1026	3990
1210	1000	1058	1998
1211	1000	982	5966
1212	1000	1075	1998
1213	1000	2231	5976
1214	1000	5814	21748
1215	1000	1629	5974
1216	991	6179	19576
1217	991	5703	13774
1218	999	1572	5972
1219	1000	1592	1998
1220	1000	4259	15772
1221	1000	987	1998
1222	1000	35625	274994
1223	0	239	0
1224	0	556	0
1225	0	351	0
1226	0	88	0
1227	999	54	1996
1228	0	58	0
1229	999	18	1996
1230	1000	248	3990
1231	998	12	1994
1232	989	23	1976
1233	12	27	22
1234	1000	652	1998
1235	1000	557	1998
1236	999	15	1996
1237	1000	137	3990
1238	987	273	5896
1239	30	838	378
1240	899	162	1796
1241	1000	92	1998
1242	0	156	0
1243	986	2811	40158
1244	0	638	0
1245	1000	826	1998
1246	6	36	10
1247	1000	85	3990
1248	999	36	1996
1249	0	22	0
1250	3	22	4
1251	998	24	1994
1252	1000	210	1998
1253	1000	174	3992
1254	16	269	78
1255	996	979	19742
1256	1000	128	1998
1257	32	454	188
1258	0	707	0
1259	4	28	6
1260	999	52	1996
1261	2	14	2
1262	0	97	0
1263	999	77	1996
1264	13	25	24
1265	1000	1016	1998
1266	0	66	0
1267	1000	529	5970
1268	999	76	1996
1269	5	78	12
1270	3	43	4
1271	998	138	1994
1272	1000	77	1998
1273	0	600	0
1274	1000	1026	5974
1275	996	39	1990
1276	1000	67	1998
1277	0	35	0
1278	999	76	1996
1279	2	24	2
1280	0	53	0
1281	999	32	1996
1282	998	76	3984
1283	0	69	0
1284	1000	701	1998
1285	0	50	0
1286	997	796	1992
1287	2	81	2
1288	1000	70	1998
1289	0	20	0
1290	0	11	0
1291	1000	41	1998
1292	999	21	1996
1293	2	21	2
1294	0	105	0
1295	2	37	2
1296	0	79	0
1297	1000	34	1998
1298	0	24	0
1299	0	73	0
1300	997	168	1992
1301	4	58	6
1302	3	23	4
1303	1000	41	1998
1304	2	44	2
1305	999	38	1996
1306	0	250	0
1307	0	898	0
1308	1000	167	3990
1309	0	669	0
1310	1000	2905	35276
1311	0	797	0
1312	3	42	4
1313	2	33	2
1314	14	259	80
1315	6	211	10
1316	14	189	48
1317	996	448	9870
1318	998	101	1994
1319	12	129	22
1320	999	44	3988
1321	2	46	2
1322	1000	126	1998
1323	0	67	0
1324	0	470	0
1325	0	343	0
1326	0	346	0
1327	1000	58	1998
1328	0	123	0
1329	1000	1572	5978
1330	0	805	0
1331	999	40	3984
1332	0	40	0
1333	0	24	0
1334	999	59	1996
1335	1000	1580	5976
1336	4	46	6
1337	20	597	198
1338	0	325	0
1339	1000	97	1998
1340	996	155	9906
1341	995	57	1988
1342	6	57	10
1343	1000	183	1998
1344	0	22	0
1345	988	29	1974
1346	1000	59	3968
1347	999	30	1996
1348	999	42	1996
1349	0	28	0
1350	1000	90	3990
1351	999	18	1996
1352	0	24	0
1353	0	38	0
1354	1000	40	3988
1355	1000	741	5978
1356	20	20	38
1357	0	21	0
1358	1000	45	1998
1359	0	61	0
1360	0	128	0
1361	0	121	0
1362	1000	1496	3986
1363	997	67	1992
1364	6	51	16
1365	999	38	1996
1366	998	100	1994
1367	0	17	0
1368	0	48	0
1369	1000	1340	5982
1370	1000	72	1998
1371	998	56	3984
1372	1000	173	1998
1373	1000	116	1998
1374	998	271	7930
1375	999	255	3984
1376	1000	181	3990
1377	1000	129	1998
1378	999	169	3986
1379	997	476	9912
1380	0	131	0
1381	992	83	7828
1382	1000	611	15724
1383	1000	50	5974
1384	1000	35	3990
1385	2	22	2
1386	1000	81	1998
1387	0	151	0
1388	0	52	0
1389	1000	406	1998
1390	0	83	0
1391	0	139	0
1392	2	55	2
1393	0	499	0
1394	1000	217	5964
1395	0	427	0
1396	1000	173	1998
1397	0	414	0
1398	0	708	0
1399	1000	200	3992
1400	1000	100	1998
1401	1000	81	1998
1402	1000	66	1998
1403	996	166	1990
1404	0	53	0
1405	1000	117	1998
1406	1000	104	1998
1407	1000	108	1998
1408	1000	128	2032
1409	998	106	3984
1410	3	50	4
1411	0	62	0
1412	0	68	0
1413	0	44	0
1414	999	12	1996
1415	5	30	10
1416	999	32	1996
1417	0	368	0
1418	0	378	0
1419	1000	1604	11902
1420	1000	72	1998
1421	0	66	0
1422	1000	82	1998
1423	2	26	2
1424	999	41	1996
1425	2	41	2
1426	4	40	6
1427	997	48	1992
1428	0	28	0
1429	1000	68	1998
1430	1000	1057	1998
1431	0	47	0
1432	1000	595	1998
1433	0	54	0
1434	2	11	2
1435	999	19	1996
1436	998	39	1994
1437	999	98	1996
1438	0	123	0
1439	0	1542	0
1440	1000	632	3992
1441	1000	44	1998
1442	0	34	0
1443	0	175	0
1444	16	249	78
1445	1000	63	2000
1446	0	83	0
1447	1000	62	1998
1448	998	101	3984
1449	989	215	7872
1450	997	92	3978
1451	999	119	3988
1452	998	73	1994
1453	2	58	2
1454	3	45	4
1455	1000	48	1998
1456	0	19	0
1457	2	48	2
1458	999	68	1996
1459	998	17	1994
1460	3	31	4
1461	999	22	1996
1462	2	18	2
1463	1000	92	3988
1464	998	30	1994
1465	0	32	0
1466	1000	36	3974
1467	1000	658	1998
1468	999	30	1996
1469	0	1301	0
1470	2	43	2
1471	1000	193	1998
1472	0	1702	0
1473	999	159	3984
1474	0	88	0
1475	0	376	0
1476	3	59	4
1477	998	75	1994
1478	997	80	1992
1479	0	1084	0
1480	1000	1326	3986
1481	0	54	0
1482	1000	236	1998
1483	0	32	0
1484	1000	30	1998
1485	1000	27	2004
1486	2	8	2
1487	0	70	0
1488	0	145	0
1489	0	123	0
1490	999	36	1996
1491	3	26	4
1492	0	85	0
1493	0	428	0
1494	0	31	0
1495	0	44	0
1496	0	23	0
1497	1000	513	1998
1498	998	114	3980
1499	0	1580	0
1500	0	273	0
1501	1000	667	5978
1502	999	44	1996
1503	1000	36	2000
1504	999	32	3986
1505	0	27	0
1506	0	56	0
1507	0	179	0
1508	0	290	0
1509	0	78	0
1510	0	52	0
1511	0	117	0
1512	0	76	0
1513	0	13	0
1514	3	90	4
1515	998	997	1994
1516	0	205	0
1517	0	670	0
1518	1000	322	1998
1519	999	160	3986
1520	999	38	1996
1521	1000	92	1998
1522	0	89	0
1523	1000	1701	3982
1524	1000	107	3990
1525	999	25	1996
1526	1000	56	1998
1527	1000	93	1998
1528	0	2988	0
1529	0	272	0
1530	999	126	1996
1531	0	19	0
1532	0	18	0
1533	0	49	0
1534	3	49	4
1535	1000	44	1998
1536	2	18	2
1537	999	12	1996
1538	2	26	2
1539	999	29	1996
1540	998	31	3982
1541	5	84	8
1542	1000	49	1998
1543	998	46	1994
1544	999	28	1998
1545	5	32	8
1546	0	67	0
1547	0	34	0
1548	0	63	0
1549	1000	603	1998
1550	1000	280	1998
1551	0	51	0
1552	1000	895	1998
1553	1000	68	1998
1554	0	38	0
1555	1000	260	1998
1556	0	26	0
1557	2	26	2
1558	999	40	1996
1559	986	30	1970
1560	0	166	0
1561	0	595	0
1562	0	52	0
1563	3	57	4
1564	997	56	1992
1565	1000	114	1998
1566	0	700	0
1567	0	88	0
1568	0	36	0
1569	997	78	1992
1570	3	46	4
1571	2	45	2
1572	3	53	4
1573	3	48	4
1574	0	375	0
1575	1000	317	13882
1576	0	447	0
1577	999	247	9954
1578	0	336	0
1579	1000	653	1998
1580	10	26	18
1581	997	98	2054
1582	1000	288	1998
1583	996	77	3972
1584	0	69	0
1585	998	64	1994
1586	0	36	0
1587	2	30	2
1588	0	49	0
1589	0	218	0
1590	984	337	3926
1591	1000	184	1998
1592	1000	49	1998
1593	999	24	1996
1594	0	19	0
1595	999	51	1996
1596	998	13	1994
1597	0	67	0
1598	1000	173	2008
1599	1000	640	1998
1600	999	23	1996
1601	0	107	0
1602	0	538	0
1603	998	28	1994
1604	1000	76	3990
1605	1000	75	1998
1606	0	17	0
1607	0	83	0
1608	999	256	7930
1609	989	87	1976
1610	5	57	8
1611	1000	42	3988
1612	0	204	0
1613	6	50	10
1614	9	140	36
1615	989	146	5910
1616	8	141	30
1617	11	590	36
1618	917	986	16230
1619	19	860	180
1620	16	799	126
1621	1000	26	1998
1622	0	36	0
1623	3	15	4
1624	0	204	0
1625	1000	34	3990
1626	995	47	1988
1627	2	64	2
1628	6	55	16
1629	996	36	3976
1630	0	288	0
1631	0	185	0
1632	691	3011	9576
1633	0	360	0
1634	1000	316	1998
1635	0	56	0
1636	1000	108	1998
1637	1000	45	1998
1638	0	52	0
1639	1000	298	1998
1640	1000	1244	5970
1641	0	109	0
1642	931	1206	3716
1643	0	260	0
1644	0	103	0
1645	0	51	0
1646	1000	1097	3992
1647	0	135	0
1648	0	4570	0
1649	995	29	1988
1650	0	49	0
1651	1000	94	1998
1652	1000	637	1998
1653	1000	420	9918
1654	0	48	0
1655	1000	261	1998
1656	0	218	0
1657	1000	1257	13892
1658	1000	67	1998
1659	0	104	0
1660	986	182	3926
1661	1000	93	1998
1662	0	41	0
1663	0	556	0
1664	998	73	1994
1665	0	1025	0
1666	999	155	1996
1667	0	450	0
1668	0	185	0
1669	1000	155	3990
1670	993	2572	5938
1671	0	542	0
1672	8	565	30
1673	1000	45	1998
1674	0	71	0
1675	1000	1593	3990
1676	0	92	0
1677	2	26	2
1678	998	22	1994
1679	999	1282	3988
1680	3	64	4
1681	0	99	0
1682	999	24	1996
1683	2	18	2
1684	991	22	1980
1685	1000	970	1998
1686	999	70	3986
1687	0	203	0
1688	0	132	0
1689	0	214	0
1690	1000	76	1998
1691	1000	571	1998
1692	0	42	0
1693	1000	966	3988
1694	998	38	1994
1695	998	40	1994
1696	1000	973	3988
1697	5	64	10
1698	4	45	6
1699	5	57	8
1700	3	34	4
1701	995	218	1988
1702	6	158	10
1703	0	54	0
1704	994	92	3966
1705	0	39	0
1706	997	1537	25514
1707	1000	86	1998
1708	0	179	0
1709	999	43	1996
1710	999	97	1996
1711	0	135	0
1712	999	558	1996
1713	1000	168	1998
1714	1000	306	3984
1715	1000	1352	15830
1716	1000	275	1998
1717	1000	327	1998
1718	0	893	0
1719	1000	286	1998
1720	0	10023	0
1721	0	306	0
1722	1000	59	1998
1723	1000	61	1998
1724	998	129	1994
1725	0	2866	0
1726	691	3532	6856
1727	1000	825	3990
1728	0	27	0
1729	1000	86	1998
1730	0	208	0
1731	0	121	0
1732	1000	281	1998
1733	0	26	0
1734	999	41	1996
1735	0	33	0
1736	998	50	1994
1737	2	15	2
1738	0	46	0
1739	1000	1373	3986
1740	0	19	0
1741	1000	959	3982
1742	997	112	3980
1743	0	79	0
1744	0	33	0
1745	1000	111	1998
1746	1000	1371	7960
1747	0	13	0
1748	0	152	0
1749	0	70	0
1750	999	153	5974
1751	13	665	80
1752	989	149	1976
1753	0	918	0
1754	1000	230	1998
1755	0	3728	0
1756	1000	142	1998
1757	1000	203	3988
1758	0	4711	0
1759	2	63	2
1760	998	27	1994
1761	1000	58	3990
1762	2	40	2
1763	999	3170	36632
1764	1000	810	1998
1765	0	3627	0
1766	1000	789	1998
1767	0	2902	0
1768	1000	2067	7962
1769	0	823	0
1770	1000	1309	5958
1771	169	7568	8312
1772	1000	519	1998
1773	1000	1092	3990
1774	1000	537	3990
1775	0	16	0
1776	0	48	0
1777	1000	160	1998
1778	2	34	2
1779	997	83	1992
1780	986	542	13662
1781	1000	946	5956
1782	12	67	34
1783	2	17	2
1784	999	37	1996
1785	0	816	0
1786	1000	652	3988
1787	1000	1338	3990
1788	1000	679	1998
1789	1000	1022	1998
1790	0	42	0
1791	998	455	1994
1792	0	14	0
1793	1000	680	1998
1794	0	109	0
1795	0	1580	0
1796	999	155	3988
1797	1000	122	3990
1798	8	83	14
1799	0	259	0
1800	0	55	0
1801	999	45	3984
1802	0	262	0
1803	0	1615	0
1804	861	9418	49710
1805	998	28	1994
1806	1000	1294	1998
1807	1000	1002	1998
