0.0	0.0028610257028930035
1.0	0.0067949359822536476
0.998	0.009799012935438554
1.0	0.03898147486896306
0.995	0.0011801730652266052
1.0	0.0017166154130845517
1.0	0.006937987293970069
1.0	0.0037193333536535444
1.0	0.008082397546530071
0.996	0.03300908377150439
0.006	0.01244546169901903
0.0	0.0038266218551408658
1.0	0.001358987212704141
0.009	0.0015735641138417513
0.994	5.006794898386647E-4
0.0	0.004220012860626566
1.0	0.012731564258402304
0.985	0.025713468294584648
0.0	0.013089192492709671
1.0	0.013983263006735481
0.999	0.1745583291494493
1.0	0.006115442368981503
0.999	0.011765968091707187
0.0	0.022172948998991762
0.0	0.017344968165881505
0.0	0.0036478077465902673
1.0	0.031471282436202605
0.999	0.0027537372100049098
0.002	0.001966955140467854
0.969	0.012874615564028599
0.007	0.02356769903834913
1.0	0.013625634774831209
0.998	0.17623918175134376
0.0	0.044989628793561005
0.0	0.013196480964828365
1.0	0.008940705254384774
0.0	0.0544667763250378
0.0	0.0037550961916827546
1.0	0.0021457692562641202
0.999	0.019741077171734966
0.992	0.006616121877513788
0.005	0.005221371870098002
0.005	0.0047922179972975125
0.0	0.0021815320893957147
1.0	0.037014519673806034
1.0	0.00786782062942998
0.003	0.002574923087260762
0.0	0.00776053217095423
0.0	0.004577641083372837
1.0	0.012588512957202895
0.0	0.04677776984355298
1.0	0.010693083446880745
0.0	0.03808740431893017
0.0	0.005006794919633973
0.271	0.08894213576458516
0.73	0.07796294972080914
0.011	0.014591230987898602
0.0	0.004148487228437107
0.995	0.01090766039568885
1.0	0.004863743642988273
0.014	0.013375295029458242
0.0	0.002825262881573381
0.008	0.0037550962267450965
0.997	0.002324583365332302
0.998	0.02024175668565683
0.003	0.00278950004010281
1.0	0.00708103855707568
0.985	0.02685787854985964
0.036	0.014126314285964937
0.0	0.005114083421826018
0.0	0.005149846185665858
0.996	0.008547314201577182
0.992	0.00844002576557339
1.0	0.007045275718385659
0.004	0.005364423152204953
0.004	0.004827980814160034
0.991	0.01040698088455341
0.997	0.009620198864066079
0.002	0.003969673110708586
0.003	0.0061154423787717176
0.999	0.008225448828715613
0.999	0.0059723910776165205
1.0	0.008368500114053164
0.0	0.002324583371281167
1.0	0.02642872469378141
0.999	0.019705314355698188
0.002	8.940705480345233E-4
0.996	0.014877333540048665
0.005	0.008511551388185596
0.033	0.02145769257281577
0.993	0.0177741220337469
0.962	0.06304985335980233
0.027	0.029289750356597193
1.0	0.009191045005525323
1.0	0.009405621914614738
0.991	0.017237679698730586
0.996	0.03465417354009844
0.996	0.008654602674836495
0.014	0.01223088478678045
0.032	0.040590801785957684
1.0	0.05714898791280484
0.0	0.002360346179484319
0.0	0.006186968051308124
1.0	0.0028967884802046295
0.0	8.225449061168953E-4
0.03	0.013875974545445913
0.003	0.003540519284685394
0.999	0.0022888205347574545
0.002	0.0016450897592499188
0.997	0.005149846210955864
0.992	0.009441384733389709
0.008	0.0036120449340047264
1.0	0.07581718048502555
0.0	0.008690365480635108
0.997	0.0031828910680677305
1.0	0.0010728846121425188
0.999	0.012230884757690368
0.002	0.0034332307978026436
0.971	0.0221014233325981
1.0	0.008904942443892176
1.0	0.009512910387445032
1.0	0.009155282159569194
1.0	0.02410414133298909
0.294	0.25019669550964513
0.998	0.026929404203449216
0.0	0.02260210285916716
0.903	0.033187897855078516
0.0	0.018596666895010768
0.735	0.24551176597118385
1.0	0.0046491667067496195
0.003	0.005078320577986017
0.004	0.003647807717527629
0.999	0.0035405192733449606
0.0	0.021064301549011132
1.0	0.0036478077312548833
0.0	0.0040769615768487125
1.0	0.04094843004274339
1.0	0.0043273013142983
1.0	9.655961680113247E-4
0.997	0.0029325513061844114
0.009	0.0043630641512379656
0.0	0.04241470568781667
1.0	0.011837493744357603
1.0	0.010228166787610656
0.997	0.021064301553858064
0.111	0.19447822043058263
0.998	0.0104785065682021
0.044	0.06387239823940999
0.0	0.020635147696673947
0.0	0.06494528286972429
1.0	0.0115513911750127
0.999	0.02549889136127319
0.877	0.26793505471876494
1.0	0.011658679645907591
0.005	0.0027179743966314934
0.996	0.002646448746487628
0.0	0.005006794947624843
1.0	0.03998283386715451
0.003	0.006794935961270779
0.998	0.01938344897604608
0.0	0.004899506466402231
0.0	0.0048995064721371615
0.0	0.006330019319898534
1.0	0.022494814380331123
1.0	0.02821686576123722
0.0	0.003540519275471032
0.998	0.005435948792562283
0.003	0.0041484872438268304
0.0	0.0035047564736946373
1.0	0.025391602883051347
0.018	0.0037908590277413133
0.0	0.0023961089822578385
1.0	0.010871897549467649
1.0	0.007724769307708122
0.998	0.0015020384971444923
1.0	0.009262570621029578
1.0	0.0015378013206060128
1.0	0.0025033974535060687
0.998	5.006795146104161E-4
1.0	0.0047922180146027765
1.0	0.0028967884984962083
0.0	0.0015020385083478465
1.0	0.0070095128888635425
0.004	0.0022888205543428602
0.997	0.0036835705526363153
1.0	0.007474429583662497
0.999	0.002181532091277408
0.999	0.007331378295931159
1.0	0.006723410335654079
0.997	0.005221371854702305
1.0	0.002110006452279064
1.0	0.006222730880820589
0.999	0.0034332308180992943
0.991	0.007045275722430714
0.012	0.011122237314051415
0.0	0.008440025757363403
1.0	0.00733137828125715
0.815	0.021314641278671727
0.022	0.016808525853619367
0.198	0.02474787212324763
1.0	0.005757814189667949
0.999	0.011408339905836137
0.999	0.01673700022906875
1.0	0.0032186539110404273
0.995	0.006723410345490684
0.006	0.0034332308222781603
0.993	0.009369859123460531
0.008	0.008010871887199957
0.0	0.00811816034800246
1.0	0.026857878578045634
0.004	0.00450611547544378
1.0	0.00593662825423552
0.0	0.006508833423328702
1.0	0.034582647895522386
0.998	0.0029325513187547043
1.0	0.003075602609467896
0.004	8.583076929352844E-4
0.0	0.002288820535095177
1.0	0.02238752590278032
0.996	0.005579000059580349
0.009	0.009047993713660574
1.0	0.0050783205907272404
0.992	0.01205207068248809
1.0	0.003933910338150296
0.998	0.06430155211456218
1.0	0.006866461623996205
0.999	0.0012874615458869296
0.0	0.001180173115246989
1.0	0.003325942340632026
1.0	0.001680852583583811
0.998	0.01280308991274674
0.999	0.008475788573099835
0.019	0.005972391111150546
0.0	0.00289678849081275
1.0	0.0038981474792279557
0.0	0.0025749230918730827
1.0	0.004112724406498677
0.008	6.079679409381465E-4
0.008	0.0038266218510237845
0.993	0.0016093269457965753
0.995	0.012266647603498814
0.031	0.005829339805393113
0.998	0.005579000092980436
0.918	0.0059366282877539875
0.009	0.004220012858429631
0.005	0.007009512889067617
0.0	0.0025033974793078843
1.0	0.00736714114748286
0.997	0.011086474493545233
0.009	0.006437307757719698
0.997	0.015056147639731825
0.004	0.004827980827777107
0.007	0.006544596249663978
1.0	0.0013232243560848227
1.0	0.03908876330109235
0.999	8.940705390155603E-4
0.999	0.005543237259011078
0.915	0.012338173246889513
1.0	0.005686288537080176
1.0	0.009548673217233766
1.0	0.012660038631504188
1.0	0.07849939202747874
0.997	0.0036120449328133596
0.999	0.0024676346636690063
0.002	0.0013232243840843524
1.0	0.0059366282630002425
0.005	0.003075602618385282
1.0	0.00929833344061284
0.998	0.006866461614060131
1.0	0.17291323942066794
1.0	0.008869179577974838
0.995	0.013375295058268193
1.0	0.008082397557474679
0.0	0.014841570695699684
0.986	0.023388884882509106
0.0	0.017488019468506304
0.998	0.0044703526243376444
0.0	0.010478506553788191
1.0	0.003719333378369287
1.0	0.02303125670094251
0.0	0.04338030182798053
1.0	0.012373936050058702
0.034	0.06076103282286306
1.0	0.02911093625059885
1.0	0.012660038623546569
1.0	0.0429869108134089
0.0	0.0215292182199361
0.628	0.12960446320272495
0.097	0.09380587937845496
1.0	0.015020384832168847
0.0	0.036621128659285296
1.0	0.013589871953270449
1.0	0.020492096416858986
0.916	0.21293183604510346
0.986	0.043022673637069436
1.0	0.014233602744095582
0.0	0.02281667979174761
0.104	0.03519061580807043
0.056	0.0859738216152022
1.0	0.021779558000887125
1.0	0.03308060939648002
0.959	0.11107932193024175
1.0	0.030219583744803616
1.0	0.022923968265979238
0.233	0.1492740147279805
1.0	0.014984621985164126
0.0	0.037300622261174754
0.0	0.04041198770258389
0.993	0.052142192988178244
0.306	0.2765896573878165
1.0	0.013232243752607958
0.899	0.03830198127343504
1.0	0.02220871182220861
1.0	0.01723767971638102
0.993	0.09967098202052703
0.954	0.23238681064659694
1.0	0.024247192598126896
1.0	0.014519705334494664
0.867	0.39088763323501596
0.221	0.05053286603819342
1.0	0.007009512909365105
0.0	0.010585795019412546
1.0	0.04116300691786619
0.0	0.0030756025929315842
0.004	0.0039696731277997326
1.0	0.0031113654100195136
0.002	0.003004076959177049
0.999	0.008583077042638219
0.0	0.003254416702491267
1.0	0.009477147557605732
0.021	0.01627208355558517
0.99	0.020170231026457496
0.031	0.020492096387383585
1.0	0.00590086548499064
1.0	0.0071168013593112195
0.992	0.005364423149945377
0.982	0.011873256577132625
1.0	0.006973750079042969
1.0	0.0027179744006087603
1.0	0.014519705306866472
0.0	5.006794814387587E-4
0.002	0.0030756025908445232
0.999	0.003504756439260258
0.816	0.03755096202818129
0.0	0.003933910279067529
0.185	0.03308060938592775
0.002	0.0017523782487243297
0.999	0.0018954295075572138
1.0	0.0031113654259681796
0.0	0.0016808525817886644
0.0	0.020384807954643886
0.839	0.004756455182540827
1.0	0.05543237250521545
0.009	0.004148487251063119
0.999	0.003433230820825168
0.009	0.0056147629033976975
0.009	0.004827980805495953
0.011	0.00479221800921698
1.0	0.017809884833541543
0.0	0.007581718036714818
0.0	0.005471711602268211
1.0	0.012803089906521745
0.0	7.152564427788063E-4
0.0	0.041377583843394086
0.0	0.008475788561493273
0.102	0.10471353978452394
1.0	0.005722051340577834
1.0	0.015378012998303228
0.905	0.14426721978834073
1.0	0.005686288537569272
0.999	0.008511551363604078
0.002	0.0010728846016906258
0.999	0.004112724399231479
1.0	0.008833416802078916
0.0	0.011444102704969754
0.994	0.020957013088298167
0.0	0.010335455272541628
0.0	0.005829339839881416
0.0	0.0016093269355424479
1.0	0.004398826992825614
0.0	7.510192264885181E-4
0.999	0.006759173150838637
0.002	0.0017523782100034595
0.0	0.003755096217976975
1.0	0.015342250202638474
0.075	0.010979186039082472
1.0	0.004291538525178509
1.0	0.0038623846695075075
0.006	0.004577641088418078
0.932	0.010585794996719765
0.005	0.0026822115994217066
1.0	0.00504255775128416
0.0	0.003612044901914043
0.991	0.012803089901584623
1.0	0.006902224434581068
1.0	0.11068593088607508
0.999	0.002038480779682036
0.002	8.94070528651559E-4
1.0	0.0023245833446232564
1.0	0.049817609612341524
0.998	0.009369859102807996
0.003	0.003290179547023134
1.0	8.940705583980434E-4
1.0	0.006651884706110649
0.007	0.0023603461668743834
0.0	0.002932551337183415
1.0	0.006508833400293141
1.0	0.0041127244327085095
1.0	0.0012516987282792144
0.999	0.0031471282348207977
0.002	0.0022172948834238994
1.0	0.028073814439085795
0.0	0.006508833422105104
0.0	0.004363064156534626
0.0	0.01691581431037665
1.0	0.015878692519329895
0.035	0.058615263595934435
1.0	0.010764609094549796
0.0	0.012409698904272818
0.0	0.023067019515509733
1.0	0.009441384746153
1.0	0.015771404039186063
1.0	0.011122237295396787
1.0	0.016057506595852034
1.0	0.02177955797363889
0.972	0.16161218799180657
0.97	0.05257134684116431
1.0	0.032222301665507345
0.03	0.023174307990021906
0.044	0.06980902652346
1.0	0.005006794919127682
0.003	0.0017881410663767054
1.0	0.003433230810198077
0.005	0.003361705178730307
0.013	0.00811816037036275
0.998	0.006616121867090592
0.0	0.0015735641089112446
0.983	0.002968314150103023
0.0	0.007009512919630356
1.0	0.03983978256126017
0.002	0.0017166154025369691
0.999	0.005292897498463931
0.997	0.005221371827265418
0.004	0.00422001286263524
0.999	0.003433230818336485
0.002	0.0016450897806593368
0.0	0.0023245833877313694
1.0	0.020277519495141193
0.991	0.005543237244094418
0.999	0.0051140834032016086
0.995	0.004971032091494705
0.0	0.003755096209207561
0.999	0.001859666689805817
0.998	0.006723410329079508
0.997	0.0021100064185705556
0.998	0.0012516987521125733
0.002	0.0028610256590112116
0.999	0.004005435963059025
0.0	0.0028967885093351096
1.0	0.0015020384823404133
1.0	0.05428796222046205
0.0	0.004005435938522552
1.0	0.036907231233018395
0.998	0.04523996854631894
0.966	0.006186968016844616
0.009	0.007474429595777549
0.009	0.0063300192994324555
0.998	0.012123596285428202
1.0	0.0043630641447060005
0.0	0.015664115592515713
0.005	0.008618839832324178
1.0	0.0053644231460768
0.0	0.005400185991529613
0.005	0.012338173228254545
0.009	0.01616479508963328
1.0	0.002682211580431615
0.999	0.0020384807709989375
0.0	0.007760532141958345
1.0	0.019705314361179605
0.008	8.583076852561981E-4
1.0	0.0553966096795844
0.987	0.0035047564490368424
0.0	9.298333405134834E-4
0.0	0.011515628347254598
0.0	0.007259852667236809
1.0	0.039088763335546346
0.0	0.007438666792893783
0.996	0.003361705182303716
0.0	0.003683570582330983
0.0	0.007903583412848891
1.0	0.019705314344728282
1.0	0.0014305128371599547
0.999	0.0011801730895579642
0.008	0.007903583430205908
1.0	0.007939346251842413
0.999	0.010120878306110399
1.0	0.00622273086655103
1.0	0.002932551298334547
1.0	0.00854731422226636
1.0	0.013768686073932047
0.0	0.04266504542446475
0.019	0.052034904480087255
0.962	0.14272941848304002
0.0	0.01437665402252384
1.0	0.007438666781277454
0.0	0.008296974475950129
0.999	0.003147128247760849
0.004	0.001645089773532519
0.0	0.019526500247795706
0.999	0.03472569917524936
0.999	0.00325441671561683
0.0	0.014233602750938906
1.0	5.364423104089878E-4
0.007	0.007438666764892677
0.994	0.008869179602641254
0.998	0.0022530577134203377
0.999	0.0012516987330403672
0.998	0.0017166154168404765
1.0	0.020742436161448972
0.0	0.015234961737102358
0.0	0.006186968003378756
1.0	0.04999642371958156
0.004	0.007510192407182483
0.997	0.009727487293810972
0.0	0.0025391602918014497
0.009	0.0037193333839663748
0.0	0.0040769615858307975
0.995	0.007975109099893407
1.0	0.00543594875782147
0.0	0.0013589871649325456
0.0	0.006365782129203694
1.0	0.013446820675679134
0.005	0.008475788572630866
0.997	0.009155282170180405
0.004	0.0032186538612573564
0.997	0.004041198795586189
1.0	8.225448891633277E-4
1.0	1.862646821144592E-4
1.0	0.0026464487569119784
0.0	2.9802351350623505E-4
0.97	0.005829339802374582
0.002	0.009191044989524092
0.999	0.018882769457170438
0.0	0.005865102634225602
0.99	0.02335312211489762
0.004	0.009441384738858163
0.0	0.01283885270829763
0.008	0.016379371984863833
1.0	0.013160718116319236
0.0	0.0018596666768599525
0.003	0.0037550961891683336
0.999	0.00643730775036145
0.993	0.0236392246625652
0.008	0.00969172446967228
0.999	0.003826621864908107
0.998	0.0015378012675625612
0.002	0.002002717969481142
0.999	0.005722051361603041
1.0	0.008583077020235197
0.0	0.001215935938680842
0.008	0.005042557749761378
0.993	0.0051140833992022626
0.997	0.004434589799165121
0.008	0.004684929531601841
0.0	0.007653243682345318
1.0	0.003504756447498191
0.992	0.0035762820706204857
0.004	0.00246763464597659
1.0	0.005292897499706048
0.0	0.003933910330478142
0.999	0.012731564276616663
1.0	0.06086832131213031
0.0	0.01988412843524661
1.0	0.002002717998237528
0.0	0.0011444102732257493
1.0	0.009942064252293088
0.0	0.010979186041856786
0.996	0.015413775818590221
0.0	0.015664115616057222
1.0	0.015199198929752059
0.074	0.10178098845588308
1.0	0.01169444243779459
0.074	0.069487161146381
0.995	0.040733853096104944
0.747	0.03772977612874009
1.0	0.00886917961591641
1.0	0.005149846226465368
0.0	0.008082397542703838
0.0	0.010871897582811098
1.0	0.015807166872521625
0.0	0.002074243607002896
0.932	0.06458765468415979
1.0	0.004613403889389464
0.0	0.014305128367852492
1.0	0.00447035263775039
0.071	0.04624132750011846
1.0	0.002861025677046532
0.003	7.867820414724104E-4
1.0	0.02532007723927958
0.0	9.298333215233878E-4
1.0	0.0054717116016678126
0.0	0.0014662756498228819
0.0	0.0011801730800020946
0.002	0.001609326921335326
0.999	0.00454187825262206
0.999	0.007259852654850654
0.002	0.0028252628615270535
0.999	0.0052213718628508505
0.002	0.00250339746787579
0.0	0.002431871809730174
1.0	0.01838208999661422
0.0	0.008511551394418304
0.0	0.004327301344219522
0.993	0.048673199325703284
0.999	0.00715256421548291
0.01	0.025427365689530426
1.0	0.004363064179581616
0.0	0.0027179744237081013
0.007	0.006043916755493092
0.998	0.001251698714088283
1.0	0.03933910307674324
0.0	0.004827980850806691
0.0	0.0049352692979126155
1.0	0.007009512918508889
0.999	0.0014662756606094451
0.002	8.940705210420953E-4
0.998	0.003290179532576663
0.999	0.004577641069257937
0.997	0.0025033974508275373
0.996	0.027394320858070566
0.0	0.008153923199585153
0.008	0.008404262919026352
0.993	0.014090551463063525
0.0	0.005435948765320375
0.999	0.00575781415846424
0.997	0.00679493597720949
0.003	0.002861025671764894
1.0	0.039804019738034616
0.0	0.004184250057354982
1.0	0.008833416794942973
0.999	0.004863743646206505
0.015	0.033259423507339084
0.259	0.06644732133809117
0.734	0.06616121879466791
0.0	0.03143551961677019
1.0	0.002253057722203094
0.997	0.0036835705694786922
0.998	0.0033259423465351375
0.993	0.003075602610545762
0.999	0.004935269279726742
1.0	0.004756455188567662
0.0	0.0013232243985031868
0.0	0.006437307766862105
0.0	0.005221371868186764
1.0	0.051462699398138315
0.996	0.009977827033765535
0.16	0.005328660326092
0.003	0.003361705179397041
0.003	0.0018596666927865194
0.996	0.00790358344224665
0.0	0.001895429519934973
0.0	0.0062227308597149
0.996	0.004613403897700491
0.0	0.0074029039476964315
0.985	0.12162935411939285
0.993	0.03154280810406222
0.0	0.009155282157005526
1.0	0.005328660330995216
1.0	0.09934911666525947
0.998	0.011444102700581512
0.999	0.0039339103002760355
0.0	0.0047922180269622874
0.999	0.005328660335996793
1.0	0.005543237236000252
0.999	0.002682211572402814
0.002	0.0013947500039256514
0.005	0.003790859014511779
0.002	0.0017881410565720192
1.0	0.019454974624326354
0.0	0.0021457692536684574
0.0	0.003147128218758108
1.0	0.011193762952283482
1.0	0.004971032127964651
0.0	0.0011086474553181484
0.998	0.003075602616131829
0.0	6.07967928348066E-4
0.0	0.005292897497853612
1.0	0.03726485946061312
0.0	0.005865102640943059
1.0	0.003361705201722416
1.0	0.0631213789887139
1.0	0.004827980816780151
0.0	0.001323224385932287
1.0	0.03712180816429807
0.993	0.004863743656478718
0.005	0.003933910312854487
0.004	0.005972391113494214
0.002	0.002753737211621152
0.0	0.002610685948095595
0.999	0.05139117370887295
1.0	0.0035047564588547545
0.0	0.005936628289531172
1.0	0.023281596446099357
1.0	0.004541878271576959
0.0	0.0025391602828996013
0.998	0.007510192394287605
0.003	0.0032186538749125414
0.005	0.007545955199173414
0.997	0.01316071811669558
0.998	9.298333594427358E-4
0.0	0.002360346184288402
1.0	0.025463128537800882
1.0	0.008583077026163595
0.031	0.0034332307985919792
0.999	0.0032901795273330365
0.0	0.0023603461821221157
0.998	0.006186968019675844
0.003	0.002896788521633042
1.0	3.933910213899085E-4
0.0	1.1106898413655292E-11
0.004	0.009083756523633236
0.014	0.01312495529376554
0.049	0.013196480910693288
0.0	0.0035762821137201874
1.0	0.012731564277190655
0.995	0.004112724422937007
1.0	0.009870538561835939
1.0	0.011158000166162406
1.0	0.26181961235156115
1.0	0.00894070523606354
1.0	0.008475788570145613
1.0	0.013840211715209405
1.0	0.013697160435143227
1.0	0.010013589861009548
0.995	0.01612903226210359
0.0	0.05604034045124843
1.0	0.008869179585101679
0.0	0.12080680923645903
1.0	0.0020742436377872275
0.999	9.298333576256341E-4
0.0	0.002396108981631981
0.014	0.00743866675096664
0.987	0.012409698893904713
0.0	6.437307609111387E-4
1.0	0.0014662756727313738
0.993	0.005650525724283977
1.0	0.0379443530548519
0.0	0.0025749230907527927
1.0	0.03644231457292082
0.986	0.001394750014050066
0.99	0.01176596811275198
1.0	0.1025677705426053
0.999	0.0033259423248713487
1.0	0.00615120519853715
0.0	1.9868233749934417E-4
1.0	0.020635147692366674
0.988	0.004148487240507645
1.0	0.00275373721660714
1.0	0.02875330805268605
1.0	0.0030040769794675145
1.0	0.003862384676000447
0.004	0.004470352623934014
1.0	0.0018239038694587385
0.0	0.006043916732006527
0.0	0.03329518630903286
1.0	0.008547314230806645
0.996	0.006401544961322411
0.007	0.02077819898377448
0.971	0.1610757456548857
1.0	0.006115442381624998
0.025	0.010764609110125835
0.0	0.01852514126885144
0.032	0.05224948147182325
0.541	0.1414419569288488
0.999	0.010585795005024044
0.465	0.10364065514468432
0.985	0.017595307920316258
1.0	0.021815320811966365
0.0	0.09244689222339975
0.152	0.019419211791620317
0.849	0.020134468179374015
1.0	0.02624991059181407
1.0	7.867820762986619E-4
1.0	0.039911308191726634
0.0	0.004291538531305581
1.0	0.028288391380441463
1.0	0.0027895000379447024
1.0	0.017058865599711776
0.0	0.002610685936149067
0.0	0.004220012884722567
0.0	0.010406980904972423
0.0	0.007510192383937117
1.0	0.06784207140595737
1.0	0.01823903866745839
0.0	0.003969673137440586
0.0	0.006008153916328645
1.0	0.0960231742877396
0.994	0.0070452757222458934
0.0	0.007653243720374626
0.0	0.007295615467481214
0.994	0.020813961818553283
0.007	0.011301051422464452
0.0	0.006330019331633301
0.0	0.006580359040602742
0.888	0.1315714183582407
0.0	0.00604391672626921
0.112	0.07188327016103786
0.004	0.0067949359918932795
0.997	0.009870538605542533
0.0	0.006401544943349442
1.0	0.006580359052191703
1.0	0.009441384712899977
0.0	0.0016450897607920172
1.0	0.002861025683971872
0.0	0.005936628284451713
0.0	0.0022172949169928188
1.0	0.01845361560263557
0.0	0.008189686004551442
0.0	0.005650525708136465
1.0	0.001895429483004207
0.0	3.2186539802306824E-4
0.999	0.0023603461885708782
0.999	0.002717974392295076
1.0	0.0030756025855882404
1.0	0.005757814192361696
0.0	0.004041198745322403
0.0	0.0012159359318361237
1.0	0.040304699211966666
0.0	0.010371218060896671
0.009	0.0044345897978092
0.0	0.0054717116252858055
1.0	0.003075602610398095
0.999	0.0013589871814513445
1.0	0.004971032132603212
0.0	0.001466275644835266
0.002	0.0021457692708393788
0.0	0.005614762884128634
0.0	0.0034689936408740497
0.998	0.002539160289382822
0.003	0.0036835705621807513
0.999	0.0028610256685454058
1.0	0.001466275664409398
0.003	0.004005435924461855
0.97	0.002431871827843201
0.0	0.018739718193237196
1.0	0.032866032478797595
1.0	0.012409698862148336
0.0	0.0016093269241149455
0.0	0.008261211661926888
0.999	0.004935269301748237
0.002	0.002217294902715708
0.997	0.02918246191912602
0.0	0.00650883341092459
0.996	0.0022888205572122048
0.0	0.002825262847523767
1.0	0.005400185964550234
0.993	7.15256415928538E-4
0.008	7.867820430032188E-4
0.967	0.007975109103355308
0.033	0.006294256473920657
0.002	0.0015735641462559014
0.998	0.0023245833478182714
0.003	0.0011801731009711595
0.998	0.002467634648621676
1.0	0.009548673229822485
0.0	0.008976468056686986
1.0	0.01541377585380864
0.998	0.002717974408424689
0.002	0.00261068593033294
0.998	0.004863743685083533
0.997	0.0022172948862566317
1.0	0.008332737283187402
0.0	0.001394750027495817
0.0	0.0033974679926890516
0.0	0.009477147563975856
1.0	0.02485516059906176
1.0	0.007009512924405257
0.999	0.0029325513125020505
1.0	0.01727344252891775
0.045	0.008082397546767752
0.958	0.008940705261815365
0.998	0.0036835705588056876
0.004	0.004541878268811164
0.997	0.007045275737649578
0.999	0.004076961588737221
0.997	0.009620198842631137
1.0	0.0025749231008017266
0.0	0.0024676346377105114
0.0	0.003218653884795894
1.0	0.00314712824821676
0.011	0.01230241041673465
0.002	0.002396109035541057
1.0	0.11501323221466914
0.0	0.0405550389827247
0.0	0.014090551495839286
0.0	0.011444102716827687
0.999	0.006723410349337085
0.0	0.0020742436214379054
0.0	0.013804448868324472
0.0	0.001502038476531813
1.0	0.00432730132630685
0.0	0.0011801731093723622
0.004	0.002181532052949693
0.031	0.008189686012554803
0.018	0.003361705171887328
0.972	0.007188327006341318
1.0	0.00200271798267857
0.0	0.0012159359381653228
0.002	6.794936002848894E-4
0.002	0.002002717977005913
0.999	0.002574923137003958
0.075	0.06583935341114064
1.0	0.012159359118395215
0.97	0.30741720906729286
1.0	0.017738359200933612
0.998	0.03887418637298694
0.838	0.014698519403577246
0.896	0.07249123809597892
1.0	0.017488019467901898
1.0	0.01187325658027507
0.0	0.017023102763223323
0.998	0.04752878907896427
0.014	0.004541878268820789
1.0	0.005471711615255636
0.99	0.02800228881352768
0.999	0.002682211573346501
0.994	0.007653243658460587
0.013	0.006008153900907315
0.997	0.002360346196117459
1.0	0.0017166154178948462
1.0	0.05024676346339297
1.0	0.010156641152293496
0.0	5.722051236395955E-4
0.999	0.0028252628670204383
0.002	0.001966955161483419
1.0	0.0017881410213875866
0.003	3.5762821466919537E-4
1.0	0.0054717116011538496
1.0	8.940705388095659E-4
0.992	0.007724769351842863
0.0	0.0015020384587173313
0.999	0.049674558327644065
1.0	0.017952936147182286
1.0	0.004756455194968376
1.0	0.014841570712652852
1.0	6.794935916652314E-4
0.002	0.002861025682038914
0.0	0.0016093269639075717
0.999	0.003075602613330593
0.035	0.0059008654636943615
0.0	0.004506115430054883
1.0	0.03705028252319131
1.0	0.0021815320972983047
0.0	0.0010013589892250427
0.0	0.025284314426890515
0.999	0.003182891060576166
0.992	0.005471711606520659
0.031	0.025105500332385098
0.99	0.03025534653517222
0.0	0.018453615636646388
0.0	0.0077247693104796275
0.985	0.023496173389655622
0.0	0.00858307702409206
0.0	0.007689006523912813
0.998	0.014483942477249299
0.0	0.015449538657429944
0.952	0.11526357197438991
0.991	0.0032544167118474777
0.975	0.0037550962146217144
1.0	0.03179314784207097
1.0	0.005292897500763319
0.0	0.0012159359300663627
0.022	0.004756455193941819
0.979	0.00425577568051963
0.969	0.04087690436191915
0.004	0.007617480877760469
1.0	0.004041198763690325
0.0	0.019884128459063382
1.0	0.0031471282654631735
0.0	0.001573564094272947
0.998	0.005149846196932528
0.021	0.017488019455187225
0.998	0.005114083375607196
0.996	0.062692225153105
0.005	0.004613403922518574
0.0	0.008189686005625613
0.019	0.02245905158567253
0.011	0.0076890065209754025
0.99	0.010943423246409841
0.0	0.004541878240927162
1.0	0.002145769242589
0.997	0.0018954294994910654
1.0	0.036871468429123734
0.996	0.006937987290921065
0.981	0.01294614118969569
0.993	0.012552750145750177
0.998	0.01176596810739178
0.99	0.03876689790708211
0.025	0.02850296830092743
1.0	0.008904942408347058
0.996	0.016951577152533228
0.999	0.003004076939733941
1.0	0.022316000280522594
0.009	0.005650525709050132
0.01	0.004506115461393964
0.009	0.002932551344664773
0.993	0.006437307755823075
1.0	0.09287604606983775
1.0	0.004506115453810083
0.0	0.00822544880019829
0.0	0.0023603461826372896
0.009	0.001287461557868663
0.992	0.003004076943709527
0.993	0.005185609051177301
0.998	0.020992775925717227
0.005	0.007939346263029745
0.014	0.0058293397935933276
0.007	0.0037550961859631198
0.996	0.005042557752022394
0.0	0.0045061154689637365
1.0	0.05582576352036971
0.0	0.003755096209263314
1.0	0.0266075388057601
0.997	0.004434589799740437
1.0	0.0016808525992954473
0.709	0.21028538733744745
0.404	0.07141835350393132
0.0	0.013482583491293483
0.098	0.13593448249882817
0.0	0.01076460911023381
0.0	0.01541377582407902
1.0	0.008440025739730666
0.191	0.11383305916045844
1.0	0.004291538507517126
1.0	0.036084686369936565
1.0	0.07252700091059244
1.0	0.037515199227425355
1.0	0.05847221229016862
1.0	0.1354695658622116
1.0	0.22602102852686184
1.0	0.03944639153167088
1.0	0.03798011585912045
1.0	0.09083756524431273
1.0	0.03658536586885259
1.0	0.0781060009966783
1.0	0.035476718431153464
1.0	0.05922323153615648
0.999	0.05786424436437013
0.999	0.09223231527666309
1.0	0.03687146841595085
1.0	0.16876475218498757
1.0	0.05772119305905382
0.995	0.329554395248009
1.0	0.0777126099594205
1.0	0.03744367358747984
1.0	0.09251841783348007
0.864	0.22952578498428827
0.859	0.24776482368136052
1.0	0.05840068664041378
0.905	0.17008797654167546
1.0	0.05321507762276256
0.905	0.11773120664724934
1.0	0.055432372503908464
1.0	0.13482583508452228
0.958	1.0
1.0	0.05818610972721658
1.0	0.05614762892153437
0.998	0.004148487234777643
0.003	0.0027895000443746414
0.0	0.0038623846668588537
1.0	0.016522423307730235
0.0	0.001609326928049732
0.002	0.0036478077346263267
0.999	0.006079679568628044
0.014	0.005185609062876525
1.0	0.0041127243979551835
0.011	0.009655961660280382
0.994	0.011658679623076706
0.005	0.005722051351971119
0.996	0.009441384753556487
0.002	6.43730765216371E-4
0.999	0.0025391602806469843
0.0	0.006151205211438133
1.0	0.03747943637548089
1.0	0.003004076965023544
0.0	0.02864601962245022
0.0	0.0021815320865101358
0.005	0.0042557757163046986
0.005	0.001859666698811137
0.999	0.003397467989831113
0.998	0.00582933983570652
0.007	0.003433230821447577
0.994	0.0037550961907157313
0.0	0.0010371218151320933
0.993	8.583076807755963E-4
1.0	0.003254416736228395
0.003	0.0018239038786382262
0.994	0.0016808526133861832
1.0	0.03458264784980969
0.15	0.26135469565121916
1.0	0.012838852715869403
0.0	0.06920105856800213
1.0	0.01451970533188754
1.0	0.02671482728553305
1.0	0.02138616695119061
1.0	0.014090551471308947
0.972	0.02707245546623022
0.627	0.1718045919499548
1.0	0.004541878276083912
1.0	0.0013232243756650453
0.0	8.225448658096747E-4
0.999	0.002360346155306844
1.0	0.038445032539907456
0.0	0.012767327084799772
1.0	0.016343609209818512
0.0	0.00665188468814322
1.0	0.03898147486760213
0.0	4.649166794624591E-4
0.997	0.0021457692585823245
1.0	0.018954295129665195
0.163	0.016665474576273827
0.065	0.017201916902107876
0.238	0.04734997496033569
0.065	0.05443101350504553
1.0	0.01147986553385431
0.0	0.012266647583672042
0.999	0.02052785922859527
0.997	0.013697160415377144
1.0	0.011765968110854765
0.0	0.02092125027068324
0.245	0.06920105857356386
0.999	0.0021815320778155673
0.002	0.0016808525655050205
0.016	0.011730205297778044
0.986	0.01645089762615498
1.0	9.298333367631161E-4
0.999	0.0012516987173454897
0.999	0.0023961089907973882
0.002	0.002253057742982496
0.998	0.002324583382632864
1.0	0.0032186538811516782
0.0	0.001859666670015194
1.0	0.0030398397720363263
0.0	0.0012516987236907392
0.005	0.0044345897951728625
0.991	0.007724769333986009
0.992	0.003218653890430211
0.0	0.008440025752201152
1.0	0.0502110006495338
0.0	0.0024676346631847994
1.0	0.018489378440148224
0.0	0.022780916962758323
1.0	0.009870538566382241
0.075	0.10607252699520114
0.105	0.031864673483857374
1.0	0.0099420642215771
0.0	0.05246405837222563
1.0	0.014698519421092906
0.901	0.24844431729544625
0.0	0.058579500765926905
0.999	0.0036835705373100044
0.992	0.003290179521967672
1.0	0.03890994922329453
1.0	0.0054001859751337845
1.0	0.0025033974727586756
1.0	4.768376333281071E-4
1.0	0.014698519418349284
0.0	0.004541878245344384
0.997	0.006437307756760715
1.0	0.0021815320983996044
1.0	0.008368500119967018
0.997	0.009870538593229547
1.0	3.5762821511011226E-4
0.0	0.014376654052118935
0.999	0.008475788588720022
0.002	0.0012516987299385784
0.999	0.002038480781844352
0.0	0.003182891088774
1.0	0.007474429591899779
0.002	0.0013589872030846126
0.0	0.009226807820564393
1.0	0.0052213718378693
0.0	0.03955367996279752
0.0	0.06083255848008673
1.0	0.0019669551376799406
0.0	0.001788141053795696
1.0	0.0029325513375945867
0.0	5.006794921720178E-4
1.0	0.0025749231066711144
0.0	0.0026822115811439835
1.0	0.0023245833535813555
0.999	0.0024676346499825793
1.0	0.020742436165576812
0.002	0.0023603462011038594
0.0	0.0041484872519593026
0.0	0.0021100064330885704
0.005	0.008261211658277024
1.0	0.008833416793102632
1.0	3.2186537151916597E-4
0.999	0.0027895000116435285
0.005	0.0015020384842182122
1.0	0.0023245833908666397
0.0	8.22544875952727E-4
0.0	0.0020384807967008013
1.0	0.0010371218094846377
0.999	0.0015735641105397004
1.0	0.011909019389808836
1.0	0.018703955376374443
0.0	0.014662756598797488
0.0	0.008440025768963173
1.0	0.003755096188872912
1.0	0.0050067949499648535
0.007	0.003612044920711264
0.996	0.0013232243832699208
0.015	0.008797653969351463
0.017	0.015234961730302952
1.0	0.0022530577271829585
0.0	0.003254416711023801
0.993	0.003290179541796465
1.0	0.022530577193488412
1.0	0.00611544238204915
0.0	8.583076983201428E-4
0.0	0.0031828910659627884
0.009	0.0035405192724510424
0.0	8.583077126091253E-4
1.0	0.007367141116439214
0.0	0.0012516987499714984
0.992	0.011193762987273771
1.0	0.00675917318228784
1.0	0.05106930836322621
0.0	0.0011086474341557668
0.0	0.0026822115842297265
0.994	0.0030398397854673955
0.002	6.794936120621689E-4
1.0	0.027179743945022462
0.0	0.0036835705613715896
0.0	0.007402903938553793
0.008	0.012123596305985952
1.0	0.0028252628582132737
1.0	0.0033617051682175558
0.0	7.867820635175626E-4
1.0	0.03411773121832287
0.998	0.00411272442401801
0.0	0.0025749230935322295
1.0	0.007224089833685991
1.0	0.0022172949139672854
1.0	2.731881982512338E-4
0.999	0.0010728846414528937
0.01	0.008404262927636508
0.991	0.00983477575954493
1.0	1.4372287272166396E-5
0.003	0.001215935909627445
0.998	7.86782075177227E-4
1.0	0.019562263074530625
0.996	0.002253057745670958
0.004	0.0023245833395062468
1.0	0.0038266218659911487
0.986	0.013911737355134433
0.0	0.029933481127569852
1.0	0.005865102637432744
0.994	0.021815320811348522
0.986	0.0892282383148958
1.0	0.007653243676571769
0.995	0.006508833448454999
0.026	0.02664330163693297
0.005	0.004971032122819389
0.996	0.018739718164555517
1.0	0.004577641061823517
0.0	0.006401544953581513
0.006	0.0012159358854353368
0.997	0.001716615412239433
0.0	0.0014305128068827784
0.004	0.0028252628531107863
0.999	0.00343323080826717
0.002	0.0012159359156473954
0.999	0.0021100064370438948
0.977	0.01240969888994854
0.998	0.002288820543568891
0.976	0.013339532227564607
1.0	0.002074243615425173
0.0	7.867820457114592E-4
0.999	0.021243115671379143
0.999	0.008118160359228471
1.0	0.03297332093107656
1.0	0.0639439238945846
1.0	0.0018239038767022273
0.005	0.001108647444803552
0.0	0.0012159358984188914
0.0	0.00425577569192911
1.0	0.009942064224921257
0.0	0.006723410358176955
0.992	0.008118160371380505
0.009	0.0052213718844135735
1.0	0.005006794951712613
0.01	0.006473070596804649
0.997	0.0029683141087518974
0.002	0.0012516987318515688
0.0	5.006794920340166E-4
0.0	0.013589871946925685
0.083	0.003933910299622167
1.0	0.004041198772582379
0.0	0.005757814168133093
0.0	0.0016450897771253155
0.999	0.007224089837068106
1.0	0.09098061656097345
0.0	0.0045776410859852505
0.029	0.04466776340866279
0.0	0.005006794916373881
1.0	0.005185609033428659
0.976	0.08633144984525089
0.0	0.002002717976522201
1.0	0.03447535941533833
0.002	6.079679321078148E-4
0.002	0.00354051928552098
0.0	0.002968314138499282
0.999	0.0015735641469470927
1.0	0.0034689936321762004
0.0	5.722051199794097E-4
1.0	3.9339103932880924E-4
0.0	0.001072884620369576
0.936	0.016880051485405504
0.984	0.01401902583064812
1.0	0.007474429574236904
0.011	0.020384807932567008
0.999	0.0067949359940317824
1.0	0.00572205137016504
1.0	0.002861025682736617
1.0	0.003862384648635747
0.002	0.0022172949019706872
1.0	0.01684428866004215
0.0	0.019347686152044657
0.0	0.0071883270240711205
0.002	0.0028252628363811326
0.999	0.004398826990269814
0.0	0.0018596666817168755
0.006	0.005471711620841427
0.002	0.002002717962342299
0.045	0.0015378013011397007
1.0	0.003468993631624604
0.0	0.061440526400112355
0.999	0.020277519519979716
0.019	0.04498962877115875
0.999	0.003468993642027755
0.0	0.0010728846433267604
0.0	1.443973177400998E-5
1.0	0.027823474737486503
1.0	0.0282526285711222
1.0	0.028002288817699453
0.102	0.12710106574000696
1.0	0.026392961850231152
1.0	0.02607109649285649
0.105	0.16711966241611506
0.101	0.11544238607154964
0.101	0.0799656677058356
1.0	0.0655174880130815
1.0	0.040125885116250794
1.0	0.029397038825362282
0.678	0.3325584722005317
1.0	0.02789500037356672
0.0	0.0010728846137037112
0.999	0.0021100064443150585
0.002	0.0013232243790002752
1.0	0.005400185963315628
0.005	0.006437307773304148
0.996	0.007438666755633321
0.155	0.03719333380878387
0.846	0.04949574421970988
0.002	0.0011086474547528451
0.956	0.001180173104100852
0.0	0.005722051373504601
0.999	0.002074243621233119
0.0	5.722051343695744E-4
0.0	0.00214576925927243
0.0	0.005292897489184311
0.0	0.014376654019494041
0.999	0.040876904356545465
0.999	0.0032901795447065458
1.0	0.004506115440024203
0.0	0.006437307784559168
0.002	0.003075602572138482
0.999	0.008189686001091972
0.006	0.004684929550999444
0.999	0.0026464487407712373
0.999	0.0043988269619590825
0.0	3.933910436500842E-4
0.004	0.0022888205426605146
1.0	0.0019669551751001243
0.008	6.079679561364638E-4
0.0	0.00135898718861236
0.0	0.009870538604870038
0.0	0.017166154038167628
0.0	8.583077096461445E-4
0.002	0.0022172948785860822
0.999	0.004863743672083128
0.004	0.004041198744777461
0.997	0.006258493673651157
1.0	0.007259852664797475
0.999	0.002682211595097108
0.999	0.02943280166644816
0.006	0.0027895000467756314
0.0	2.88794671578066E-5
0.004	0.0020027179860462314
0.997	0.0028610256692321984
1.0	5.722051337793332E-4
0.0	0.002682211580261217
1.0	0.034439596594366906
1.0	0.010478506536526645
0.0	0.0028610256635624117
0.0	8.583076952910672E-4
0.007	0.010943423201285073
0.009	0.008797653953559772
0.004	0.0028967884777753015
0.997	0.00497103211374655
0.998	0.010335455265807834
0.014	0.005471711596397231
0.999	0.0016450897535971534
1.0	8.583076944936539E-4
0.0	2.3841882658783234E-4
0.0	0.0022530577336841375
0.005	0.005614762881113283
0.005	0.006294256488761306
1.0	0.005435948793163758
0.996	0.011980545022462132
0.0	0.008153923193023023
0.005	0.013017666834370535
0.969	0.021457692566416116
0.0	0.002968314122268498
0.0	0.0012874615527283537
1.0	0.015735641223629127
0.997	0.01101494887853144
0.003	8.583077084716986E-4
1.0	0.00135898721848596
1.0	0.019240397672382833
0.009	0.004470352643001517
0.999	0.0010013589841971692
0.01	0.0032544167020184776
1.0	0.004434589806965015
0.006	0.008046634738948847
0.009	0.01595021817561888
0.0	0.004184250063129649
0.999	0.009441384734608716
0.002	0.0025749231089654163
0.008	0.0030040769954852438
0.0	0.0012874615570317841
1.0	0.0029325513402187384
0.0	0.0014305128657882008
1.0	0.017881410477881863
0.0	0.0053644231400679036
1.0	0.0019669551661942735
1.0	0.027716186236598675
0.996	0.0018596667063282414
0.0	0.0015020384850909208
0.998	3.874305869339622E-4
1.0	0.022494814397675447
0.414	0.07402903941730979
0.082	0.08801230239999365
1.0	0.013697160438200623
0.0	0.022351763101303976
1.0	0.014877333529767112
0.935	0.24426006724541288
1.0	0.01595021815867851
0.0	0.03662112866732923
0.998	0.04527573133761488
0.146	0.0991345397304228
0.0	0.0031471282309647308
0.998	0.017595307920500448
0.988	0.0026464487516287293
0.219	0.005507474424682716
0.999	0.004470352623605795
0.014	0.02321007084186403
0.002	0.001251698716578616
0.999	0.003933910331821135
0.998	0.0012159359329263636
0.994	0.002360346167048914
0.007	0.0033617051643555695
0.002	0.0013232243851685444
0.014	0.0014662756720153528
0.99	0.0038266218488772806
0.999	0.0036835705448115597
0.006	0.00418425002285534
0.005	0.0027895000295315013
1.0	0.020635147704992904
0.0	0.0011086474291070385
1.0	0.007867820592174734
0.0	9.298333414429007E-4
1.0	0.011909019407498611
0.0	0.007545955238067701
0.995	0.0017166154159329896
0.0	0.002610685947864754
0.0	2.861025822128909E-4
0.994	0.003004076974843362
0.0	0.006723410355222362
1.0	0.001323224390363635
1.0	0.011551391174911453
0.0	0.005185609055316192
0.0	0.0025391602750553543
0.998	0.0038266218273979866
1.0	0.06866461625169691
0.014	0.011086474502988806
0.998	0.0048995064641409935
1.0	0.00922680777525815
0.0	0.0028610257038928105
0.007	0.0010728846443986927
0.998	0.004506115430952533
0.999	0.030577211932945846
0.0	0.005865102626346841
1.0	0.0026822115662234994
0.997	8.583076882147234E-4
1.0	0.004363064174748459
0.0	0.0017881410629824828
1.0	0.019812602802893334
0.0	0.0035047564676533188
0.0	0.010120878312335822
0.0	0.005793576983389946
1.0	0.16551033547316157
0.999	0.027680423443551115
0.0	0.004398827000263438
0.947	0.04963879551072619
0.0	0.012302410420302693
0.995	0.01380444891684975
0.993	0.011372577083926923
0.999	0.0035047564841452577
0.0	0.013160718107267322
0.0	0.02810957728418962
1.0	0.005543237280297376
1.0	9.29833369873452E-4
1.0	0.006437307777139596
0.0	2.4835290139688495E-4
0.999	0.007081038537796498
0.007	0.014984622005477974
0.0	0.00593662827026472
0.005	0.005292897497000502
1.0	0.003468993653876375
0.0	3.933910337501368E-4
0.782	0.005078320589344955
0.0	7.867820527406063E-4
0.997	0.004005435966919999
1.0	0.011336814232399671
0.0	0.3223303054096729
0.999	0.01859666689807009
1.0	0.019454974631814004
0.746	0.12159359130320457
1.0	0.02242328875771566
1.0	0.02056362207770609
0.144	0.12491953365042265
1.0	0.049603032704479764
1.0	0.030005006799013023
1.0	0.01991989127968155
1.0	0.041449109494208596
0.781	0.06741291754826868
1.0	0.018417852814509982
1.0	0.028646019590693746
0.982	0.25881553537465646
0.998	0.003147128255461688
0.986	0.0038623846701864354
0.0	0.03790859020576544
0.997	0.006544596222837026
0.014	0.03272298118336805
0.977	0.05661254561905982
0.0	0.016236320735632987
1.0	0.1735212073548177
0.994	0.014841570729178554
1.0	2.7318823060157066E-4
0.997	7.8678205387283E-4
0.999	0.0010728846038506525
0.581	0.05757814178182308
0.987	0.019097346389963948
0.0	0.07406480222393094
0.0	0.01230241042798873
0.997	0.010800371954976858
0.012	0.026786352872106293
0.999	0.0010371218214854695
0.999	8.940705118743541E-4
1.0	0.011730205283318619
0.997	0.0032901795009756844
0.0	0.006651884675522329
0.0	0.0015735641276273628
0.0	0.0037550961820417813
1.0	0.00196695518253123
0.007	0.007402903925177337
0.0	0.0030756026206769363
1.0	0.03858808380094337
0.0	0.0010728846192311129
1.0	0.03790859026043196
0.998	7.867820701698373E-4
0.0	0.002825262860985164
1.0	0.051248122456840746
0.99	0.008869179581304036
0.0	0.09756097562191758
0.905	0.1758100278775367
0.005	0.0033617051645469576
0.993	0.014054788620487455
0.007	0.0021100064292706535
0.999	0.003182891078513441
1.0	0.05471711606458497
1.0	0.02049209641984147
0.996	0.009799012919369713
0.997	4.4703526569251826E-4
1.0	0.023639224666187317
1.0	0.016915814324700334
0.0	0.006079679581173306
0.0	6.794936278749288E-4
0.999	0.002753737202558665
1.0	0.0013232243823307697
1.0	0.0357270581486617
0.0	0.0017523782491786477
0.0	0.011265288607896651
0.0	7.867820750094996E-4
0.985	0.04459623775066158
0.211	0.12867462987208644
0.0	0.008368500107431094
0.002	0.0016093269118768623
0.999	0.0024318718317104617
1.0	0.018060224592191455
0.005	0.0010371217767688517
0.999	0.0013232243856070114
1.0	0.07170445606695144
0.0	0.00693798729383445
0.999	0.0021100064574962173
0.996	0.012588512977590402
0.002	4.649166611591767E-4
0.996	0.007188327000800185
0.974	0.07878549460564842
0.0	0.014305128377171359
0.999	0.07095343683910035
1.0	0.030541449107703234
0.0	6.079679264056658E-4
0.998	0.009226807831590342
0.0	0.0012159359350467527
0.003	0.002074243615955463
0.999	0.03443959656842318
0.0	0.004470352623347423
1.0	0.0026464487394221256
0.0	0.0015735640969816403
0.004	0.004220012868074954
1.0	0.05407338530915602
0.997	0.002038480809522588
0.998	0.0056862885532022135
0.0	0.0038981474755174226
0.0	0.0037550962002927835
0.982	0.0038981474918723083
1.0	0.008904942429402754
0.003	0.0026822115848580083
1.0	0.0023603461977462843
0.005	0.006294256488658013
0.0	0.004899506462456737
0.0	0.0037908590179853295
0.997	0.010871897597741782
0.007	0.008690365483255857
1.0	0.001430512838732667
0.007	0.0011444102615497476
0.0	0.01194478221090554
1.0	0.04048351331484967
0.99	0.010800371920823263
1.0	0.00890494241191139
1.0	0.013124955299349768
0.0	0.10317573852455052
0.0	3.2782585455642905E-4
1.0	0.007581718046171643
0.0	0.10950575780551966
0.999	0.001966955153195
0.002	0.001609326940450806
0.003	0.002896788487507212
0.0	0.004076961585761325
0.999	0.009262570624395889
1.0	0.04498962877345939
0.984	0.0025749231105530743
0.002	0.0012159359318531632
0.997	0.0031828910620998333
1.0	0.048923539071961654
1.0	0.029182461918427785
0.0	0.0012159359226908751
0.026	0.005257134677342682
0.017	0.0027179743788921583
0.0	0.001108647479181927
1.0	0.007760532128884064
1.0	0.0076174808503942535
0.0	2.861025769379251E-4
0.005	0.002074243648341933
0.932	0.01208783349319639
0.068	0.010585795005193922
1.0	0.0032544167241654104
0.998	0.004470352597455411
0.994	0.0010728846314732358
0.999	0.005114083388352624
0.0	0.0021100064480677055
0.0	0.0033617051638362475
0.012	0.008189685995920052
0.015	0.0036835705336901105
0.996	0.0040411987639579865
0.009	0.004506115433447981
0.0	0.002181532069724766
0.995	0.0033974680002659035
0.999	0.010871897576806544
0.0	4.291538615779967E-4
1.0	0.01716615408549995
0.999	0.002574923096836229
0.766	0.49724626278086775
0.999	0.05539660969745943
1.0	0.019311923338020245
0.291	0.24340175952380957
1.0	0.009298333450739927
1.0	0.0017881410437080752
0.999	0.005972391097602765
0.998	0.00654459622322489
0.0	0.013589871943331302
0.0	0.004541878279189278
1.0	0.06870037906425337
1.0	0.0025749230825135158
0.0	0.005507474453178225
0.0	0.0011086474429510746
1.0	0.0347972248163776
0.993	7.510192524918156E-4
0.999	0.0030756026224412164
0.768	0.05228524424385707
0.999	0.009047993706151265
0.996	0.004827980845094066
0.998	0.004255775702014678
0.996	0.030863314490233537
1.0	0.00979901294371152
0.002	9.298333492523884E-4
0.0	0.0037550961916408077
0.999	0.012445461712263723
0.997	0.0036120449212237744
0.0	3.218653756307777E-4
0.0	0.003790859012800534
0.0	0.0019669551327682337
1.0	0.034439596586937626
0.999	0.002574923088211634
0.006	0.001251698721310679
0.0	0.010371218086662472
0.0	0.0022530577352832567
0.0	3.576282247602068E-4
0.999	6.079679631681878E-4
0.0	0.002074243631033201
1.0	0.0031471282558173707
0.0	0.0010013590054961457
0.0	2.9802350495605306E-4
0.0	0.937558114546868
1.0	0.034832987645081755
0.886	0.4590873328142889
1.0	0.05350118017051767
1.0	0.017738359173291123
0.0	5.364423290445987E-4
0.0	9.655961652344187E-4
0.009	0.008082397529759236
0.0	1.7384704767674567E-4
0.004	0.001931192312762937
0.996	0.016880051508689913
0.844	0.10961304626885843
