0	121	470	258
1	683	506	8426
2	185	482	1572
3	40	467	476
4	457	498	1010
5	999	513	4282
6	96	465	952
7	567	453	1164
8	389	452	776
9	562	502	1304
10	727	519	1600
11	715	466	3638
12	673	458	2186
13	355	515	708
14	208	452	908
15	981	535	2248
16	165	580	328
17	899	504	2168
18	775	511	4952
19	424	520	938
20	401	551	1958
21	194	480	9000
22	554	522	4894
23	75	467	1376
24	86	469	2622
25	94	479	2968
26	998	470	5414
27	76	474	1884
28	998	517	4318
29	70	452	2142
30	139	473	2132
31	470	469	938
32	91	484	3180
33	225	480	9678
34	322	518	3842
35	621	459	1714
36	392	469	1936
37	996	451	4636
38	281	464	560
39	875	496	1748
40	624	481	1774
41	835	462	1668
42	233	497	12534
43	70	468	976
44	95	481	3288
45	196	450	754
46	114	452	528
47	798	466	1594
48	934	507	4254
49	928	492	1910
50	601	456	1972
51	952	418	1902
52	276	491	6798
53	175	487	2578
54	586	472	1284
55	983	445	2048
56	690	471	1378
57	998	474	1994
58	988	503	2120
59	151	409	300
60	776	462	1690
61	402	475	802
62	950	498	4080
63	43	457	92
64	963	518	1924
65	61	502	120
66	131	459	356
67	750	491	1498
68	83	470	164
69	377	453	834
70	438	483	878
71	141	464	364
72	369	466	812
73	653	462	1412
74	193	509	420
75	862	483	1856
76	164	491	1306
77	999	543	3324
78	257	492	618
79	811	527	1738
80	350	527	2284
81	276	529	1782
82	90	516	468
83	257	483	1940
84	374	554	756
85	637	473	1288
86	433	518	1364
87	414	501	1118
88	219	469	734
89	240	509	556
90	987	439	2070
91	59	426	118
92	14	436	36
93	244	499	932
94	445	531	936
95	696	467	2186
96	167	484	422
97	111	459	332
98	82	510	186
99	227	460	464
100	798	506	1854
101	969	514	3706
102	16	474	64
103	645	544	1878
104	229	460	502
105	347	461	692
106	268	530	618
107	153	524	392
108	130	474	268
109	984	507	1980
110	28	453	60
111	304	473	614
112	704	519	1418
113	171	458	340
114	831	546	1660
115	151	509	568
116	835	519	2154
117	381	479	810
118	895	510	2758
119	592	609	1182
120	687	527	1452
121	977	484	3348
122	966	446	2024
123	83	503	164
124	998	529	4130
125	729	525	2150
126	247	493	2098
127	447	474	2334
128	309	482	2022
129	506	469	1030
130	801	491	1676
131	233	480	482
132	181	492	360
133	819	498	1636
134	884	506	2756
135	109	496	216
136	315	494	1020
137	706	416	1410
138	294	436	702
139	61	422	120
140	708	482	1680
141	220	480	2958
142	262	493	1890
143	504	487	1240
144	189	471	3000
145	262	490	1828
146	188	475	1160
147	338	499	2478
148	156	460	1420
149	216	471	1602
150	683	497	1382
151	532	433	1722
152	295	463	1448
153	277	454	1382
154	425	485	2158
155	226	480	450
156	869	523	1922
157	870	519	1740
158	997	502	3720
159	979	535	1968
160	418	532	856
161	259	487	534
162	981	468	5158
163	70	485	142
164	958	450	1962
165	389	483	796
166	990	541	2736
167	986	462	2262
168	149	457	326
169	9	424	16
170	991	468	1980
171	898	492	2302
172	103	483	252
173	283	492	574
174	644	515	1286
175	996	512	3266
176	410	517	840
177	603	495	1204
178	623	483	1438
179	357	465	712
180	65	472	246
181	698	487	1394
182	78	458	280
183	203	458	404
184	45	455	186
185	863	496	2164
186	335	482	948
187	66	463	876
188	237	451	520
189	302	446	3740
190	172	433	734
191	460	480	1414
192	40	443	378
193	102	475	1142
194	76	451	890
195	165	427	684
196	103	448	204
197	989	470	2468
198	128	419	886
199	183	462	472
200	73	480	390
201	181	469	474
202	259	453	1074
203	220	484	858
204	387	511	3330
205	785	478	1664
206	179	499	1350
207	240	466	490
208	775	465	1582
209	259	491	516
210	741	485	1480
211	10	491	26
212	508	444	1014
213	19	426	66
214	469	453	1170
215	139	407	280
216	468	498	934
217	991	521	2900
218	996	541	5272
219	489	584	1140
220	678	557	2216
221	934	530	2194
222	201	502	500
223	23	497	50
224	225	475	448
225	775	516	1548
226	398	474	1540
227	98	420	322
228	271	511	950
229	590	497	1498
230	239	492	770
231	135	468	272
232	998	450	2256
233	931	509	2178
234	106	500	478
235	147	496	620
236	161	502	1220
237	371	526	2506
238	963	538	2008
239	968	546	2498
240	650	512	7856
241	103	508	1092
242	529	555	3844
243	854	493	3976
244	998	509	2616
245	370	510	744
246	983	494	2660
247	272	523	744
248	309	498	640
249	955	502	2436
250	362	450	722
251	992	490	3358
252	979	488	1956
253	830	460	1658
254	753	467	5312
255	776	461	3468
256	315	476	9786
257	375	472	3182
258	942	408	1882
259	947	493	2658
260	314	505	9552
261	861	508	2482
262	534	465	4050
263	839	513	4786
264	235	467	2292
265	240	456	2834
266	978	486	2548
267	236	475	7606
268	639	484	3450
269	714	520	10006
270	980	474	2556
271	317	460	632
272	317	461	2446
273	748	449	3928
274	809	511	1616
275	986	511	1970
276	979	496	4032
277	185	478	7750
278	746	456	2840
279	997	464	3412
280	688	470	2292
281	218	466	11124
282	217	482	12282
283	602	514	6258
284	214	464	2188
285	241	461	4012
286	705	461	1408
287	302	502	16452
288	983	483	3426
289	912	478	1822
290	998	498	3564
291	348	478	3238
292	823	572	1644
293	573	489	1768
294	159	447	11410
295	916	474	1830
296	980	465	3574
297	881	475	1928
298	317	480	632
299	483	504	7788
300	535	475	5770
301	465	481	2080
302	989	494	4082
303	396	478	3376
304	605	480	2020
305	319	470	636
306	853	477	3476
307	929	475	2172
308	535	506	1068
309	990	489	2648
310	718	463	1434
311	597	451	2748
312	601	471	4592
313	358	481	8836
314	216	474	6076
315	583	446	3166
316	994	470	2460
317	408	484	2060
318	994	546	3896
319	874	517	3424
320	536	477	4736
321	998	454	3838
322	981	476	2980
323	321	484	6578
324	812	524	7370
325	880	483	2090
326	798	445	1594
327	860	464	2706
328	981	456	1960
329	936	443	1870
330	418	433	2978
331	139	407	8902
332	869	469	1736
333	952	463	2638
334	998	475	4928
335	231	473	4622
336	966	495	1930
337	215	457	8752
338	996	472	3932
339	898	521	2766
340	689	468	1376
341	805	491	2966
342	974	499	2476
343	661	474	3072
344	830	478	3294
345	985	456	3184
346	771	501	4390
347	995	439	2680
348	242	454	3526
349	998	477	1994
350	992	499	2844
351	987	517	6104
352	718	484	6152
353	406	486	810
354	976	519	3812
355	999	496	2516
356	835	496	2102
357	988	482	1974
358	998	513	5704
359	671	474	1340
360	401	470	8704
361	745	417	1488
362	607	500	1212
363	639	484	1276
364	770	464	1538
365	998	560	3628
366	957	479	7578
367	931	491	6070
368	655	521	3794
369	986	486	2510
370	471	461	940
371	283	491	1832
372	977	481	5300
373	972	469	1942
374	513	520	1024
375	361	520	17722
376	433	462	2884
377	996	511	4836
378	618	484	7426
379	427	463	1466
380	824	463	2428
381	984	496	5576
382	345	460	2446
383	993	480	3792
384	627	463	4566
385	107	497	212
386	924	474	1904
387	36	466	116
388	961	472	2422
389	282	445	562
390	359	531	760
391	952	466	2560
392	229	475	456
393	88	484	174
394	308	461	750
395	104	505	238
396	248	506	508
397	62	495	164
398	698	479	1394
399	21	462	40
400	181	538	360
401	821	552	1640
402	455	441	1020
403	237	480	1484
404	198	516	672
405	254	569	1456
406	410	444	2066
407	909	464	1920
408	147	473	922
409	235	473	814
410	115	494	546
411	19	469	36
412	738	489	1622
413	262	527	602
414	450	480	986
415	574	514	1250
416	821	550	1666
417	208	497	470
418	812	485	1814
419	240	507	574
420	109	462	254
421	30	440	58
422	59	480	122
423	927	624	1862
424	675	516	1388
425	982	493	5082
426	975	498	2124
427	115	503	228
428	651	519	1340
429	58	426	114
430	942	478	1882
431	388	437	788
432	245	424	572
433	768	428	2244
434	867	476	1758
435	145	450	310
436	678	475	2674
437	178	528	370
438	327	449	1518
439	666	465	1370
440	51	492	470
441	302	491	646
442	202	509	1476
443	48	433	260
444	999	514	2028
445	909	454	1872
446	599	485	1196
447	399	466	824
448	104	433	404
449	897	475	3464
450	939	459	1876
451	828	502	1658
452	177	573	354
453	223	464	898
454	842	416	2390
455	751	536	1570
456	284	513	574
457	76	496	150
458	924	448	1846
459	90	482	208
460	101	485	208
461	955	499	2152
462	929	460	1856
463	71	471	140
464	360	446	806
465	74	478	220
466	317	519	2186
467	570	465	6066
468	486	456	1006
469	788	498	3254
470	665	466	1398
471	84	485	776
472	38	469	306
473	787	504	1706
474	116	512	284
475	481	541	1014
476	588	467	1980
477	300	491	678
478	125	479	738
479	378	479	1444
480	263	461	524
481	76	463	382
482	23	425	70
483	131	459	386
484	389	466	862
485	161	490	394
486	781	507	1620
487	251	505	500
488	142	475	282
489	577	488	1550
490	181	498	2048
491	231	509	1400
492	950	520	2970
493	841	477	1680
494	174	488	2092
495	191	507	380
496	507	514	5750
497	993	490	1984
498	179	500	2018
499	577	462	1626
500	97	478	1496
501	177	558	352
502	929	440	1958
503	825	518	2158
504	387	506	912
505	125	434	248
506	211	461	5794
507	129	472	620
508	983	510	2958
509	202	464	402
510	998	479	5746
511	140	491	1736
512	351	500	984
513	150	498	3570
514	267	499	4136
515	276	528	1398
516	449	460	1144
517	115	478	1354
518	412	499	1108
519	218	476	1784
520	108	476	224
521	419	478	836
522	423	482	844
523	77	412	172
524	78	492	758
525	83	470	772
526	331	494	1860
527	477	506	1730
528	67	482	398
529	995	524	1988
530	49	472	286
531	41	457	182
532	212	514	1916
533	287	455	580
534	308	454	636
535	281	472	604
536	734	483	1528
537	216	514	780
538	887	558	2308
539	108	446	550
540	358	511	3156
541	150	479	1688
542	125	465	850
543	752	498	6750
544	203	485	422
545	977	462	2066
546	993	417	2036
547	911	489	1904
548	160	489	830
549	61	483	174
550	786	502	5164
551	787	500	1598
552	297	512	1106
553	318	488	668
554	462	450	1150
555	265	469	960
556	689	487	2728
557	216	468	592
558	81	457	330
559	87	433	180
560	164	431	332
561	772	425	1560
562	988	494	3458
563	997	473	5430
564	58	435	114
565	147	468	458
566	252	476	1094
567	144	484	286
568	544	501	1472
569	905	475	1854
570	990	477	3806
571	977	533	3776
572	582	541	1884
573	501	486	1200
574	308	473	614
575	91	463	312
576	557	554	1302
577	537	594	1086
578	47	440	142
579	356	465	1204
580	680	522	1840
581	994	560	3620
582	826	563	1656
583	490	491	1308
584	66	449	1298
585	793	509	1990
586	114	448	1102
587	150	460	1452
588	85	444	2562
589	199	467	1270
590	175	481	4282
591	885	494	2198
592	986	472	1970
593	988	487	5756
594	303	498	910
595	211	474	420
596	248	480	1630
597	542	555	1812
598	52	451	1136
599	596	495	6884
600	299	496	9650
601	524	460	1390
602	949	473	2204
603	894	547	2162
604	880	456	1998
605	275	499	1050
606	410	524	3202
607	910	503	1856
608	307	486	1658
609	854	497	1768
610	74	493	482
611	455	487	1326
612	650	579	1348
613	401	582	856
614	155	484	818
615	207	506	994
616	578	510	1244
617	432	473	2138
618	223	459	1108
619	95	481	418
620	992	518	2020
621	31	478	60
622	389	493	852
623	224	471	460
624	413	444	848
625	980	549	3570
626	345	533	1422
627	683	531	2430
628	697	515	1424
629	780	510	1576
630	16	536	56
631	679	571	1472
632	976	570	2170
633	545	548	3716
634	297	548	1234
635	904	582	2000
636	364	457	726
637	636	480	1270
638	556	496	1318
639	141	439	412
640	442	496	1066
641	28	446	156
642	117	482	1014
643	107	470	1426
644	769	463	1700
645	224	452	1296
646	994	444	2238
647	54	434	192
648	968	473	2762
649	289	542	902
650	411	476	820
651	589	425	1176
652	219	496	456
653	955	532	2240
654	643	521	1284
655	117	468	248
656	378	518	1024
657	184	503	1680
658	613	440	1228
659	573	494	1770
660	92	460	698
661	334	487	3596
662	149	485	1876
663	230	489	852
664	150	491	1098
665	880	538	1816
666	452	481	1620
667	232	484	468
668	137	455	398
669	67	453	1156
670	737	490	1472
671	701	516	1440
672	137	466	3096
673	532	498	1090
674	70	482	1152
675	228	475	736
676	326	489	1640
677	235	510	5972
678	350	448	698
679	690	440	5554
680	310	493	618
681	279	492	928
682	366	464	1026
683	219	493	608
684	102	484	364
685	570	518	3150
686	360	500	722
687	382	488	1872
688	855	494	1724
689	997	530	3998
690	945	467	2026
691	142	468	544
692	44	479	194
693	397	512	1002
694	438	470	1006
695	283	525	592
696	641	498	1280
697	2	454	2
698	358	479	714
699	321	502	640
700	412	484	822
701	42	440	82
702	190	477	378
703	833	495	5092
704	103	473	3140
705	616	443	1230
706	47	405	292
707	997	476	3480
708	994	537	2426
709	145	443	438
710	262	429	1834
711	191	497	5192
712	646	488	2566
713	281	488	10036
714	131	432	260
715	179	499	5780
716	159	471	316
717	821	504	1962
718	220	465	438
719	107	494	2168
720	949	505	2070
721	970	488	2042
722	461	458	1450
723	611	447	1220
724	999	487	2086
725	143	458	1160
726	984	498	5218
727	963	427	2172
728	76	459	188
729	934	478	1900
730	129	480	276
731	270	459	2024
732	258	458	2020
733	478	456	3604
734	948	463	1950
735	930	455	3766
736	588	468	1174
737	123	469	250
738	547	429	1258
739	81	446	220
740	379	467	772
741	64	479	450
742	992	478	2964
743	129	487	488
744	223	486	684
745	936	480	3098
746	417	535	1362
747	608	502	1268
748	975	462	3160
749	781	497	1886
750	384	549	766
751	442	524	1210
752	0	476	0
753	715	466	1798
754	809	512	1662
755	52	496	530
756	179	473	1130
757	62	477	234
758	983	479	2004
759	196	520	2378
760	295	491	1140
761	579	515	1422
762	608	487	1310
763	41	452	244
764	159	459	316
765	972	425	1942
766	28	400	54
767	836	465	1788
768	80	574	158
769	547	513	1236
770	98	448	214
771	446	441	890
772	496	495	1036
773	126	440	272
774	897	483	1844
775	999	511	3910
776	941	529	1922
777	928	492	2956
778	130	492	502
779	118	469	258
780	321	499	640
781	81	500	160
782	562	516	1122
783	731	443	1460
784	222	442	442
785	45	467	116
786	20	447	38
787	54	404	756
788	554	469	1120
789	331	518	924
790	999	496	2594
791	144	467	1080
792	233	471	3048
793	147	485	1118
794	407	507	1562
795	197	507	760
796	912	493	3268
797	77	471	740
798	776	456	1584
799	118	459	314
800	123	434	244
801	914	508	2166
802	327	461	674
803	712	548	1516
804	933	487	1986
805	128	457	266
806	5	470	8
807	884	450	1770
808	740	454	1486
809	247	492	1260
810	322	473	852
811	53	427	104
812	68	472	148
813	237	457	598
814	247	486	492
815	995	484	2392
816	209	451	416
817	629	446	1256
818	311	444	620
819	351	431	710
820	655	412	1318
821	997	517	4010
822	962	545	2030
823	998	424	1994
824	2	400	2
825	91	440	192
826	147	478	292
827	74	458	160
828	442	409	1050
829	369	446	742
830	656	441	2324
831	315	521	1258
832	47	436	190
833	812	489	1688
834	998	478	1994
835	2	474	2
836	72	437	210
837	432	451	1370
838	594	417	1206
839	583	474	1222
840	14	514	26
841	125	495	248
842	917	508	1912
843	272	489	2136
844	868	467	2898
845	291	490	620
846	37	452	166
847	201	503	408
848	999	517	2396
849	946	490	2320
850	88	475	3024
851	988	508	2220
852	113	498	4054
853	711	465	1996
854	521	488	3868
855	175	483	598
856	232	485	8534
857	800	497	3218
858	962	441	1922
859	660	509	1892
860	330	451	1362
861	893	478	2132
862	663	450	1324
863	171	493	3362
864	262	515	14888
865	994	455	3580
866	350	511	698
867	84	500	1478
868	248	462	494
869	605	479	2182
870	71	457	140
871	998	471	1994
872	803	486	1792
873	958	501	2212
874	77	446	1794
875	396	478	1544
876	598	475	1194
877	328	472	1560
878	996	456	2804
879	272	463	2672
880	997	487	3648
881	833	497	1664
882	271	505	540
883	985	462	2328
884	124	478	396
885	854	577	1740
886	546	492	1090
887	454	461	906
888	364	507	784
889	655	536	1348
890	968	511	2846
891	199	496	990
892	999	532	3554
893	705	496	1446
894	311	468	634
895	991	501	3430
896	545	516	1124
897	475	527	948
898	158	473	622
899	112	530	488
900	12	457	22
901	910	469	1864
902	715	475	1428
903	964	535	1928
904	997	583	3908
905	441	560	1512
906	987	503	3444
907	986	490	1970
908	14	515	26
909	241	407	480
910	996	488	2460
911	301	457	610
912	162	465	322
913	355	480	820
914	496	488	990
915	263	458	524
916	621	433	1248
917	226	499	476
918	68	491	142
919	129	510	274
920	62	457	272
921	72	561	376
922	217	464	686
923	391	451	780
924	180	489	1414
925	331	523	2166
926	176	500	1280
927	85	490	430
928	825	540	1840
929	830	518	1836
930	997	504	3804
931	867	563	1824
932	218	422	664
933	625	437	1256
934	782	467	2568
935	274	422	562
936	555	453	1456
937	0	503	0
938	916	518	2000
939	553	491	1168
940	108	482	1112
941	331	556	2246
942	246	505	2242
943	64	513	372
944	797	495	1636
945	205	503	1936
946	107	481	718
947	137	451	466
948	641	449	1370
949	225	468	502
950	912	481	3906
951	43	503	128
952	516	489	10584
953	597	497	2358
954	956	539	2414
955	442	483	1354
956	834	490	1916
957	225	512	5982
958	417	471	2586
959	327	503	1270
960	121	489	240
961	247	489	3090
962	315	464	1064
963	148	474	398
964	788	496	1762
965	997	582	2334
966	532	492	1062
967	997	468	3730
968	347	519	1832
969	84	485	166
970	95	440	348
971	124	485	412
972	300	466	696
973	169	502	394
974	168	503	2054
975	149	493	1658
976	152	513	484
977	183	472	798
978	373	487	1042
979	147	485	1620
980	154	468	602
981	350	492	2338
982	765	465	1644
983	984	436	2184
984	518	431	1034
985	398	518	24634
986	934	475	2068
987	997	508	4044
988	785	505	1966
989	851	440	1780
990	969	556	2270
991	330	434	658
992	974	477	1946
993	169	513	6578
994	128	430	380
995	955	485	2414
996	945	503	3468
997	701	458	2840
998	576	471	2636
999	872	534	1852
1000	148	488	5948
1001	507	536	8492
1002	778	501	5976
1003	993	458	3976
1004	286	492	2930
1005	166	478	1272
1006	460	491	1768
1007	456	480	1222
1008	513	488	1230
1009	951	474	2180
1010	87	463	926
1011	134	401	414
1012	962	457	2826
1013	719	609	1798
1014	463	624	954
1015	415	475	840
1016	283	502	828
1017	148	489	558
1018	88	476	232
1019	810	519	1618
1020	7	376	12
1021	618	528	1500
1022	348	497	760
1023	0	457	0
1024	116	450	1134
1025	994	471	2632
1026	170	466	1830
1027	969	413	2120
1028	127	476	1498
1029	230	482	834
1030	286	508	16232
1031	202	461	846
1032	69	430	966
1033	418	450	3972
1034	392	471	2354
1035	997	490	3870
1036	338	478	1182
1037	996	514	2886
1038	988	453	4194
1039	382	449	762
1040	871	488	3666
1041	283	468	776
1042	213	486	1398
1043	913	460	1824
1044	244	512	14744
1045	471	453	2000
1046	497	516	1246
1047	998	459	1994
1048	184	505	3344
1049	593	494	2992
1050	963	480	2758
1051	385	472	1012
1052	228	469	688
1053	443	497	3206
1054	523	441	1208
1055	998	459	2506
1056	923	465	4740
1057	139	470	3470
1058	178	472	1446
1059	221	475	3046
1060	933	457	5704
1061	715	453	1428
1062	151	409	456
1063	470	500	2670
1064	236	470	1264
1065	907	481	1812
1066	969	531	2172
1067	630	482	3238
1068	931	519	2538
1069	399	580	834
1070	996	468	3568
1071	128	477	1286
1072	113	496	852
1073	576	445	1166
1074	202	464	1248
1075	436	467	972
1076	648	524	1294
1077	204	467	476
1078	78	494	176
1079	998	484	3032
1080	146	444	976
1081	950	509	1984
1082	200	536	398
1083	831	491	1718
1084	927	486	1852
1085	73	444	144
1086	374	491	2842
1087	63	485	542
1088	336	493	3554
1089	984	538	1970
1090	294	434	594
1091	712	485	1434
1092	699	523	1676
1093	111	483	220
1094	737	480	2940
1095	264	434	1434
1096	517	456	1052
1097	454	478	906
1098	46	509	90
1099	73	515	158
1100	593	556	1212
1101	339	530	1196
1102	257	487	1118
1103	602	485	1228
1104	127	504	252
1105	192	467	382
1106	808	457	1614
1107	508	468	1054
1108	888	509	4586
1109	127	471	1020
1110	67	477	368
1111	751	486	1526
1112	42	458	300
1113	966	501	2674
1114	196	503	482
1115	64	456	134
1116	380	500	810
1117	980	508	1958
1118	20	489	38
1119	294	492	1042
1120	106	473	1120
1121	787	464	1572
1122	773	412	1690
1123	234	462	4196
1124	135	504	2014
1125	974	482	2308
1126	76	449	1364
1127	250	501	5372
1128	177	498	1390
1129	955	461	2038
1130	408	491	938
1131	998	486	2412
1132	248	491	1502
1133	201	487	582
1134	860	487	2140
1135	295	477	588
1136	238	477	528
1137	478	462	1450
1138	87	455	172
1139	34	430	166
1140	145	447	468
1141	530	456	1058
1142	293	475	584
1143	74	454	1152
1144	342	506	16408
1145	991	445	3612
1146	83	508	164
1147	465	494	928
1148	278	513	1364
1149	532	533	1964
1150	732	484	2136
1151	158	477	5922
1152	252	455	502
1153	227	495	3290
1154	985	482	2228
1155	898	448	1794
1156	787	492	4696
1157	940	507	1878
1158	618	449	2206
1159	889	508	3258
1160	792	473	2778
1161	969	496	5564
1162	998	478	1994
1163	329	473	656
1164	199	478	396
1165	539	500	2078
1166	477	486	2186
1167	875	534	1748
1168	917	503	2678
1169	938	479	1874
1170	932	480	2010
1171	993	515	3478
1172	933	430	1950
1173	125	502	404
1174	737	464	1472
1175	884	473	1874
1176	154	497	350
1177	44	428	86
1178	731	399	1502
1179	263	440	548
1180	70	495	666
1181	161	477	1282
1182	207	507	1294
1183	473	494	4258
1184	363	466	1614
1185	48	429	260
1186	215	480	456
1187	93	469	184
1188	447	518	1094
1189	288	462	658
1190	336	469	670
1191	750	509	1498
1192	272	503	892
1193	785	519	3754
1194	55	487	336
1195	996	449	2460
1196	57	466	178
1197	994	490	2720
1198	110	478	226
1199	918	476	2464
1200	72	480	218
1201	223	515	524
1202	384	473	766
1203	428	483	1136
1204	464	462	988
1205	993	452	2036
1206	226	498	1336
1207	182	505	1348
1208	284	492	1164
1209	84	461	770
1210	67	486	132
1211	156	447	318
1212	382	503	1672
1213	79	480	334
1214	548	514	2844
1215	492	501	990
1216	125	478	248
1217	815	504	6582
1218	391	517	3748
1219	988	506	2038
1220	763	463	1528
1221	994	486	2816
1222	495	488	1004
1223	490	484	2228
1224	473	485	972
1225	535	531	2664
1226	482	468	962
1227	767	438	1552
1228	915	474	3354
1229	78	411	154
1230	81	511	172
1231	832	514	1662
1232	38	480	74
1233	985	537	2010
1234	213	471	424
1235	535	466	1090
1236	474	448	974
1237	288	517	574
1238	832	491	1898
1239	992	529	2678
1240	351	489	730
1241	978	536	2732
1242	218	526	832
1243	789	508	1576
1244	492	472	984
1245	518	546	1048
1246	215	487	1818
1247	952	490	2182
1248	379	494	5276
1249	739	462	1910
1250	429	511	1064
1251	913	480	1824
1252	789	474	2100
1253	730	444	1774
1254	280	479	828
1255	915	478	1828
1256	26	427	82
1257	441	484	880
1258	211	494	420
1259	163	480	326
1260	288	481	576
1261	997	477	2870
1262	998	488	2068
1263	41	483	84
1264	284	487	610
1265	224	510	550
1266	29	447	122
1267	189	429	376
1268	0	486	0
1269	332	480	6384
1270	500	462	2924
1271	715	465	4974
1272	884	501	2108
1273	562	481	4622
1274	625	469	4748
1275	535	470	1068
1276	576	521	6352
1277	801	501	4754
1278	580	450	1158
1279	532	485	10740
1280	374	493	12686
1281	742	482	1482
1282	429	502	2968
1283	963	478	3586
1284	969	441	1936
1285	584	473	1166
1286	733	515	9594
1287	533	471	10008
1288	998	490	1994
1289	658	466	1314
1290	931	488	2324
1291	988	519	2938
1292	394	496	9144
1293	960	460	1918
1294	999	456	3116
1295	959	505	3618
1296	239	492	22674
1297	748	463	1494
1298	427	495	9378
1299	979	464	2988
1300	904	468	1806
1301	436	481	4762
1302	390	498	5422
1303	973	457	1944
1304	965	441	7338
1305	533	460	1064
1306	860	505	2438
1307	977	508	2870
1308	952	502	2806
1309	604	480	2136
1310	594	496	1186
1311	627	488	5728
1312	967	500	1932
1313	805	495	2502
1314	733	513	2662
1315	637	452	1272
1316	879	507	1756
1317	680	476	2930
1318	393	475	784
1319	543	443	2004
1320	801	503	1600
1321	980	500	5854
1322	411	482	4468
1323	426	481	6126
1324	794	530	11140
1325	989	480	1976
1326	331	486	1650
1327	561	535	4378
1328	639	489	1832
1329	935	463	1868
1330	969	479	2626
1331	345	500	14836
1332	420	453	3588
1333	959	500	1916
1334	947	492	4950
1335	936	491	4750
1336	998	523	1994
1337	998	511	5892
1338	795	439	1588
1339	62	459	198
1340	209	448	420
1341	259	462	864
1342	965	485	2076
1343	100	462	206
1344	326	495	774
1345	998	476	2328
1346	103	443	244
1347	337	459	672
1348	275	470	4810
1349	92	458	1768
1350	998	446	1994
1351	212	514	3672
1352	354	508	2114
1353	474	449	1180
1354	769	469	1698
1355	169	514	336
1356	941	529	2068
1357	139	499	320
1358	111	511	220
1359	876	507	2830
1360	170	453	788
1361	236	492	488
1362	261	457	550
1363	272	479	810
1364	129	456	520
1365	221	499	580
1366	828	442	1662
1367	973	508	3172
1368	688	567	1526
1369	205	476	408
1370	129	453	840
1371	139	460	414
1372	143	479	456
1373	996	492	3844
1374	405	481	1594
1375	951	463	1964
1376	294	451	696
1377	154	497	506
1378	484	512	966
1379	38	428	74
1380	33	442	192
1381	525	478	4582
1382	279	487	1884
1383	683	557	1364
1384	226	483	464
1385	72	436	164
1386	107	469	382
1387	580	507	1196
1388	436	539	920
1389	181	507	384
1390	275	554	594
1391	839	448	1680
1392	182	426	388
1393	898	463	3628
1394	29	468	68
1395	14	428	26
1396	496	552	1012
1397	531	593	1096
1398	209	514	416
1399	817	491	1680
1400	823	426	1738
1401	122	476	860
1402	752	508	2090
1403	117	497	666
1404	356	519	2476
1405	61	457	408
1406	53	482	384
1407	89	440	216
1408	44	457	394
1409	995	460	3856
1410	840	507	1678
1411	329	530	1668
1412	719	487	1440
1413	952	453	2646
1414	58	443	440
1415	944	482	1886
1416	912	461	1866
1417	528	492	1058
1418	322	471	828
1419	153	476	778
1420	246	465	1042
1421	258	475	1066
1422	980	466	2092
1423	175	503	1518
1424	719	494	1448
1425	244	462	542
1426	776	475	1626
1427	201	540	480
1428	124	495	796
1429	453	475	2214
1430	276	458	566
1431	2	472	2
1432	998	489	1994
1433	120	495	306
1434	212	456	796
1435	123	483	962
1436	997	460	4728
1437	978	564	2752
1438	728	508	1584
1439	305	507	684
1440	943	508	2136
1441	185	502	368
1442	565	463	1862
1443	549	455	1172
1444	643	474	1500
1445	611	478	1720
1446	895	531	7262
1447	998	544	2360
1448	184	498	380
1449	877	492	3726
1450	488	526	1278
1451	441	537	1086
1452	992	444	2944
1453	373	471	1140
1454	924	463	1912
1455	360	454	718
1456	990	447	2674
1457	863	427	1724
1458	137	502	272
1459	953	525	3018
1460	336	495	1218
1461	289	515	576
1462	959	518	1936
1463	638	403	1274
1464	366	432	734
1465	74	451	186
1466	983	508	2694
1467	19	456	70
1468	763	443	1528
1469	77	482	168
1470	589	500	2910
1471	53	471	132
1472	444	498	904
1473	23	477	116
1474	977	501	1978
1475	165	426	328
1476	85	488	366
1477	25	470	148
1478	632	511	1308
1479	401	503	1058
1480	600	498	1730
1481	107	515	474
1482	597	524	1400
1483	180	505	386
1484	232	543	476
1485	963	552	2316
1486	838	496	1790
1487	997	528	3766
1488	878	464	1938
1489	997	496	2044
1490	30	445	176
1491	112	470	708
1492	366	516	1502
1493	182	476	1276
1494	41	516	80
1495	755	467	1660
1496	803	473	1866
1497	135	459	368
1498	172	496	342
1499	926	440	1850
1500	76	477	150
1501	231	492	460
1502	203	422	412
1503	803	510	1616
1504	737	470	1474
1505	199	512	416
1506	863	530	1824
1507	191	484	380
1508	843	526	1840
1509	344	490	2406
1510	981	521	4302
1511	392	494	782
1512	620	471	1258
1513	83	488	1022
1514	226	486	2440
1515	690	532	1616
1516	285	484	2120
1517	953	478	2172
1518	28	455	164
1519	994	462	3450
1520	59	456	412
1521	985	510	4038
1522	414	489	1128
1523	515	504	1034
1524	124	446	246
1525	802	461	1684
1526	204	476	430
1527	729	498	2420
1528	522	511	1056
1529	177	431	610
1530	228	473	454
1531	985	490	2390
1532	464	498	1280
1533	626	492	1250
1534	374	463	746
1535	39	434	76
1536	728	501	1478
1537	286	492	570
1538	998	524	4886
1539	966	543	2906
1540	968	461	2368
1541	724	441	1600
1542	30	459	76
1543	404	492	1330
1544	273	449	544
1545	727	474	1452
1546	94	422	186
1547	906	479	1810
1548	458	488	1038
1549	727	531	1778
1550	788	519	1574
1551	62	483	234
1552	131	451	692
1553	62	467	172
1554	221	456	518
1555	176	448	882
1556	247	506	632
1557	942	497	2424
1558	401	506	1650
1559	21	444	58
1560	719	472	1436
1561	381	473	812
1562	138	499	308
1563	704	455	1668
1564	750	481	1530
1565	259	427	610
1566	989	470	2280
1567	524	510	1470
1568	933	490	4650
1569	910	493	2204
1570	103	468	670
1571	128	504	1184
1572	60	424	118
1573	216	468	750
1574	194	475	914
1575	26	521	50
1576	111	479	364
1577	957	450	3252
1578	405	496	808
1579	224	469	1184
1580	255	503	508
1581	228	445	638
1582	895	445	1820
1583	768	483	3654
1584	62	442	122
1585	65	454	940
1586	128	438	656
1587	245	480	1726
1588	301	507	784
1589	918	494	3818
1590	406	590	1422
1591	53	414	114
1592	191	511	558
1593	68	438	174
1594	636	412	1358
1595	94	466	196
1596	913	557	1824
1597	102	478	1498
1598	93	479	1846
1599	334	490	2712
1600	114	444	3014
1601	420	479	1458
1602	926	533	3542
1603	122	490	2086
1604	997	485	3726
1605	70	460	680
1606	970	483	2008
1607	426	453	1758
1608	995	455	4120
1609	397	499	2604
1610	843	543	2088
1611	992	466	4188
1612	73	479	180
1613	283	463	568
1614	97	482	384
1615	71	480	714
1616	531	501	1060
1617	82	474	162
1618	978	488	2496
1619	295	478	588
1620	796	464	3126
1621	795	422	1588
1622	498	498	1032
1623	493	476	1078
1624	262	496	1516
1625	251	441	584
1626	264	508	526
1627	921	527	2022
1628	722	456	1442
1629	111	444	302
1630	28	482	54
1631	626	514	1272
1632	15	467	34
1633	277	507	612
1634	713	500	1482
1635	139	456	290
1636	951	497	4068
1637	102	488	202
1638	953	448	1928
1639	62	439	136
1640	353	427	704
1641	652	452	1308
1642	996	484	8370
1643	540	513	1112
1644	421	450	864
1645	54	450	704
1646	90	493	320
1647	210	472	1194
1648	538	486	1610
1649	814	482	1626
1650	998	492	4194
1651	245	437	488
1652	998	466	1994
1653	2	448	2
1654	988	452	2730
1655	367	497	3178
1656	206	464	738
1657	679	475	1356
1658	20	450	84
1659	905	524	1812
1660	997	518	3788
1661	13	467	46
1662	995	505	2006
1663	28	446	110
1664	357	504	732
1665	372	524	4492
1666	140	447	1154
1667	204	461	468
1668	106	440	982
1669	193	477	670
1670	947	489	2356
1671	437	441	872
1672	971	558	4360
1673	50	461	664
1674	322	478	912
1675	977	462	3416
1676	186	453	370
1677	2	540	2
1678	897	447	1792
1679	993	488	4178
1680	845	552	2226
1681	15	454	32
1682	156	469	550
1683	887	512	3822
1684	988	470	2228
1685	996	500	3254
1686	436	524	960
1687	130	476	956
1688	964	460	1938
1689	342	469	682
1690	81	481	378
1691	193	503	1028
1692	87	474	172
1693	991	485	2136
1694	642	461	6614
1695	273	486	948
1696	393	516	856
1697	227	458	956
1698	285	441	568
1699	656	514	1550
1700	421	504	986
1701	456	497	910
1702	581	519	1230
1703	975	478	3012
1704	465	519	1120
1705	303	504	604
1706	946	489	1940
1707	241	441	480
1708	566	519	1832
1709	998	466	1994
1710	60	466	990
1711	991	480	2432
1712	650	436	1298
1713	202	479	1700
1714	667	500	1406
1715	868	511	1848
1716	58	427	892
1717	910	496	2364
1718	67	455	482
1719	490	552	1864
1720	632	538	1484
1721	399	483	1710
1722	992	497	2208
1723	312	508	634
1724	970	492	2434
1725	17	455	32
1726	881	482	1890
1727	382	505	774
1728	594	634	1192
1729	921	613	2860
1730	993	535	2126
1731	971	437	2284
1732	81	499	166
1733	131	466	262
1734	204	491	802
1735	894	476	2358
1736	912	490	2012
1737	191	519	392
1738	253	448	520
1739	805	497	1608
1740	126	492	292
1741	40	368	78
1742	46	535	196
1743	150	452	396
1744	871	491	1860
1745	563	473	1124
1746	894	578	1786
1747	202	478	402
1748	28	505	122
1749	595	461	1188
1750	550	460	1102
1751	19	496	36
1752	19	444	66
1753	0	673	0
1754	170	477	340
1755	44	476	100
1756	282	472	1110
1757	841	519	1840
1758	75	461	698
1759	214	459	750
1760	51	440	208
1761	363	495	724
1762	141	426	280
1763	0	466	0
1764	189	464	3994
1765	497	499	1394
1766	225	483	3732
1767	134	443	4808
1768	965	502	3166
1769	824	424	1646
1770	990	464	4368
1771	980	534	2864
1772	433	516	7326
1773	519	509	9938
1774	998	446	1994
1775	982	509	2362
1776	997	467	1992
1777	266	470	1000
1778	293	474	4920
1779	849	498	3594
1780	748	501	3012
1781	292	451	2098
1782	389	471	3038
1783	986	461	3482
1784	918	465	2100
1785	914	524	2060
1786	777	500	2046
1787	208	437	414
1788	721	516	3666
1789	997	474	3466
1790	970	498	5020
1791	487	523	972
1792	994	466	7496
1793	977	506	4748
1794	997	550	5768
1795	237	441	2022
1796	991	497	1980
1797	947	479	3562
1798	120	459	238
1799	867	502	2052
1800	449	485	2000
1801	28	425	54
1802	449	486	4764
1803	987	452	1972
1804	803	462	3952
1805	818	449	1760
1806	650	557	1298
1807	961	505	3534
1808	251	516	570
1809	970	483	2116
1810	121	488	240
1811	681	560	1580
1812	332	504	890
1813	183	503	374
1814	336	472	682
1815	384	473	774
1816	42	486	166
1817	778	467	1586
1818	183	510	368
1819	499	441	1000
1820	339	429	676
1821	247	485	1564
1822	56	467	394
1823	906	457	1868
1824	107	491	862
1825	69	467	456
1826	431	527	1004
1827	929	439	1956
1828	120	453	252
1829	2	390	2
1830	98	547	194
1831	956	535	2014
1832	648	437	2896
1833	112	482	508
1834	63	459	904
1835	933	495	2474
1836	65	445	682
1837	132	454	296
1838	915	510	2234
1839	102	489	202
1840	176	486	356
1841	27	450	52
1842	224	478	454
1843	34	453	74
1844	927	492	1902
1845	174	446	432
1846	275	458	1732
1847	311	462	620
1848	133	472	408
1849	229	466	992
1850	984	474	2330
1851	967	474	2406
1852	950	447	2566
1853	914	495	3010
1854	230	446	458
1855	429	462	1318
1856	961	509	2906
1857	57	455	446
1858	853	508	6340
1859	299	528	11480
1860	257	471	1568
1861	137	443	442
1862	219	485	786
1863	13	467	24
1864	966	547	4194
1865	319	473	738
1866	638	408	1956
1867	431	445	874
1868	667	455	1334
1869	452	492	918
1870	200	467	398
1871	721	474	1544
1872	505	435	1048
1873	361	457	1052
1874	252	478	802
1875	256	459	548
1876	333	533	1442
1877	176	483	350
1878	943	447	2214
1879	39	443	76
1880	323	584	686
1881	585	513	3304
1882	968	511	2124
1883	726	452	1454
1884	649	495	1316
1885	834	482	1768
1886	543	475	1088
1887	947	515	2030
1888	891	515	3466
1889	232	465	894
1890	208	414	416
1891	207	485	1010
1892	392	498	1054
1893	643	496	1316
1894	48	458	128
1895	80	475	202
1896	61	461	120
1897	864	479	1768
1898	504	567	1040
1899	574	539	1316
1900	258	512	1006
1901	944	486	1950
1902	490	484	1466
1903	967	528	2960
1904	9	453	30
1905	625	514	1254
1906	668	466	1596
1907	226	493	1122
1908	858	470	1880
1909	307	468	638
1910	313	477	1168
1911	818	512	1660
1912	802	449	1612
1913	205	468	408
1914	483	560	1198
1915	797	465	1592
1916	486	454	990
1917	984	504	4790
1918	387	536	808
1919	998	520	3648
1920	644	507	3440
1921	150	523	334
1922	897	491	1812
1923	335	554	1526
1924	322	461	898
1925	681	500	2620
1926	946	478	1974
1927	213	534	424
1928	761	500	1528
1929	864	463	1732
1930	780	507	2044
1931	515	496	2734
1932	291	482	1464
1933	126	440	992
1934	267	539	562
1935	174	495	352
1936	882	532	1868
1937	997	508	4510
1938	278	470	554
1939	820	563	2826
1940	703	531	1426
1941	626	465	1298
1942	387	499	786
1943	98	489	290
1944	350	513	778
1945	356	515	746
1946	593	516	1184
1947	3	490	4
1948	436	515	1912
1949	467	472	994
1950	33	475	64
1951	272	509	542
1952	143	471	292
1953	598	546	1936
1954	329	559	842
1955	410	546	886
1956	418	414	842
1957	299	563	716
1958	934	472	1884
1959	81	463	168
1960	2	468	2
1961	983	461	1964
1962	467	498	1146
1963	175	483	672
1964	136	500	450
1965	104	474	392
1966	117	496	736
1967	160	476	336
1968	761	471	1582
1969	540	495	1142
1970	74	462	274
1971	260	449	518
1972	742	452	1482
1973	75	420	512
1974	165	471	488
1975	193	482	384
1976	208	481	886
1977	197	512	1344
1978	966	504	2850
1979	249	485	2596
1980	59	462	170
1981	326	537	742
1982	932	422	1862
1983	32	419	72
1984	872	437	1742
1985	811	457	1620
1986	728	509	1620
1987	112	496	222
1988	527	497	1098
1989	486	507	1026
1990	329	510	752
1991	17	451	58
1992	173	505	360
1993	235	495	486
1994	12	442	64
1995	723	462	1450
1996	993	487	2376
1997	998	549	5600
1998	205	472	408
1999	9	452	16
2000	267	457	546
2001	691	490	1406
2002	48	433	94
2003	637	475	1872
2004	360	515	1286
2005	28	465	120
2006	144	484	716
2007	292	492	630
2008	807	506	1612
2009	241	477	1898
2010	376	478	846
2011	362	471	870
2012	655	497	1592
2013	69	471	158
2014	560	490	1260
2015	371	511	772
2016	795	468	1596
2017	476	517	9088
2018	980	490	2054
2019	321	457	640
2020	295	457	1898
2021	265	494	2688
2022	593	523	1364
2023	792	520	1888
2024	991	546	3048
2025	727	501	1464
2026	687	463	2240
2027	35	450	312
2028	147	508	370
2029	997	456	3444
2030	49	460	218
2031	92	433	228
2032	11	467	20
2033	14	443	26
2034	307	522	1478
2035	135	475	374
2036	995	540	3758
2037	964	500	1982
2038	70	468	290
2039	807	445	3682
2040	990	460	2120
2041	733	497	1482
2042	125	463	248
2043	95	471	334
2044	991	517	3876
2045	509	507	1024
2046	676	579	2104
2047	87	477	172
2048	352	472	702
2049	172	478	606
2050	65	477	128
2051	355	532	754
2052	18	431	48
2053	155	485	932
2054	834	484	2522
2055	991	522	4044
2056	235	501	1242
2057	596	484	2228
2058	957	437	2060
2059	998	489	2396
2060	416	474	888
2061	727	532	1514
2062	677	455	1370
2063	425	531	1012
2064	151	495	300
2065	491	499	996
2066	133	479	466
2067	119	479	332
2068	242	530	482
2069	96	484	194
2070	58	465	540
2071	312	501	1054
