1.0823901740325714	10760.0
1.1410545360838225	0.0
1.2028984423118823	0.0
1.2680942205290509	0.0
1.3368235385263303	0.0
1.4092779102900406	0.0
1.4856592296548239	0.0
1.5661803328800556	0.0
1.6510655917172812	0.0
1.7405515386212587	0.0
1.834887525846755	0.0
1.9343364202676674	0.0
2.039175335854579	0.0
2.1496964058517967	4306.0
2.2662075968055384	0.0
2.3890335667115576	0.0
2.5185165696734275	0.0
2.6550174095923147	0.0
2.7989164455456947	0.0
2.9506146516564904	0.0
3.1105347344059604	1702.0
3.2791223105037197	0.0
3.4568471485970265	0.0
3.6442044782793523	0.0
3.8417163700457837	0.0
4.049933190040495	0.0
4.269435133649939	716.0
4.500833842215113	0.0
4.744774107367857	0.0
5.001935667740312	0.0
5.273035103054064	339.0
5.558827830866845	0.0
5.86011021154072	0.0
6.177721767297242	154.0
6.5125475215429685	0.0
6.865520464983859	0.0
7.237624155400367	88.0
7.629895458327503	0.0
8.043427436276751	0.0
8.479372394550648	38.0
8.938945092137178	0.0
9.42342612663113	10.0
9.93416550261448	0.0
10.47258639343909	8.0
11.040189106893905	0.0
11.638555265806959	1.0
12.269352215231454	0.0
12.934337668496477	1.0
13.635364605068592	1.0
14.374386433872154	1.0
