0.22844653013714378	7609.0
0.31239660341035236	0.0
0.42719684892450577	5.0
0.5841841612192744	4.0
0.7988615437558544	66.0
1.0924290805146377	6.0
1.4938775126704316	128.0
2.0428511677948626	44.0
2.7935629650792553	509.0
3.820148115971832	270.0
5.22398521543584	323.0
7.143707705204973	312.0
9.768894373325141	279.0
13.35879087097187	270.0
18.267911056716443	274.0
24.98104638356574	293.0
34.16114061867088	263.0
46.71475767869867	250.0
63.881607740779316	261.0
87.35697262125831	255.0
119.45912032329475	279.0
163.35824147988725	245.0
223.38951590452447	238.0
305.48122558115233	244.0
417.74019163212137	248.0
571.2523490530616	254.0
781.177518552056	256.0
1068.2464877434838	247.0
1460.8082432933527	244.0
1997.62952479394	257.0
2731.7231653429985	255.0
3735.5832798082643	230.0
5108.344292504806	354.0
6985.570781360229	431.0
9552.64491725679	2064.0
13063.073551367439	166.0
17863.522834410862	210.0
24428.05261722762	117.0
33404.93139015943	99.0
45680.6548874997	74.0
62467.49040070073	57.0
85423.19208364618	42.0
116814.70952253358	32.0
159742.05631969462	19.0
218444.44643610698	22.0
298718.9302438826	8.0
408492.87194925064	3.0
558606.8023781164	5.0
763884.9563619086	1.0
1044599.2137436501	3.0
