0.0
0.0
0.0
0.0
0.0
0.0
0.0
0.0
0.0
0.0
0.0
0.0
0.0
0.0
0.0
0.0
0.0
0.0
0.0
0.0
0.0
0.0
0.0
0.0
0.0
0.0
0.0
0.0
0.0
0.0
0.0
0.0
0.0
0.0
0.0
0.0
0.0
0.0
0.0
0.0
0.0
0.0
0.0
0.0
0.0
0.0
0.0
0.0
0.0
0.0
0.0
0.0
0.0
0.0
0.0
0.0
0.0
0.0
0.0
0.0
0.0
0.0
0.0
0.0
0.0
0.0
0.0
0.0
0.0
0.0
0.0
0.0
0.0
0.0
0.0
0.0
0.0
0.0
0.0
0.0
0.0
0.0
0.0
0.0
0.0
0.0
0.0
0.0
0.0
0.0
0.0
0.0
0.0
0.0
0.0
0.0
0.0
0.0
0.0
0.0
0.0
0.0
0.0
0.0
0.0
0.0
0.0
0.0
0.0
0.0
0.0
0.0
0.0
0.0
0.0
0.0
0.0
0.0
0.0
0.0
0.0
0.0
0.0
0.0
0.0
0.0
0.0
0.0
0.0
0.0
0.0
0.0
0.0
0.0
0.0
0.0
0.0
0.0
0.0
0.0
0.0
0.0
0.0
0.0
0.0
0.0
0.0
0.0
0.0
0.0
0.0
0.0
0.0
0.0
0.0
0.0
0.0
0.0
0.0
0.0
0.0
0.0
0.0
0.0
0.0
0.0
0.0
0.0
0.0
0.0
0.0
0.0
0.0
0.0
0.0
0.0
0.0
0.0
0.0
0.0
0.0
0.0
0.0
0.0
0.0
0.0
0.0
0.0
0.0
0.0
0.0
0.0
0.0
0.0
0.0
0.0
0.0
0.0
0.0
0.0
0.0
0.0
0.0
0.0
0.0
0.0
0.0
0.0
0.0
0.0
0.0
0.0
0.0
0.0
0.0
0.0
0.0
0.0
0.0
0.0
0.0
0.0
0.0
0.0
0.0
0.0
0.0
0.0
0.0
0.0
0.0
0.0
0.0
0.0
0.0
0.0
0.0
0.0
0.0
0.0
0.0
0.0
0.0
0.0
0.0
0.0
0.0
0.0
0.0
0.0
0.0
0.0
0.0
0.0
0.0
0.0
0.0
0.0
0.0
0.0
0.0
0.0
0.0
0.0
0.0
0.0
0.0
0.0
0.0
0.0
0.0
0.0
0.0
0.0
0.0
0.0
0.0
0.0
0.0
0.0
0.0
0.0
0.0
0.0
0.0
0.0
0.0
0.0
0.0
0.0
0.0
0.0
0.0
0.0
0.0
0.0
0.0
0.0
0.0
0.0
0.0
0.0
0.0
0.0
0.0
0.0
0.0
0.0
0.0
0.0
0.0
0.0
0.0
0.0
0.0
0.0
0.0
0.0
0.0
0.0
0.0
0.0
0.0
0.0
0.0
0.0
0.0
0.0
0.0
0.0
0.0
0.0
0.0
0.0
0.0
0.0
0.0
0.0
0.0
0.0
0.0
0.0
0.0
0.0
0.0
0.0
0.0
0.0
0.0
0.0
0.0
0.0
0.0
0.0
0.0
0.0
0.0
0.0
0.0
0.0
0.0
0.0
0.0
0.0
0.0
0.0
0.0
0.0
0.0
0.0
0.0
0.0
0.0
0.0
0.0
0.0
0.0
0.0
0.0
0.0
0.0
0.0
0.0
0.0
0.0
0.0
0.0
0.0
0.0
0.0
0.0
0.0
0.0
0.0
0.0
0.0
0.0
0.0
0.0
0.0
0.0
0.0
0.0
0.0
0.0
0.0
0.0
0.0
0.0
0.0
0.0
0.0
0.0
0.0
0.0
0.0
0.0
0.0
0.0
0.0
0.0
0.0
0.0
0.0
0.0
0.0
0.0
0.0
0.0
0.0
0.0
0.0
0.0
0.0
0.0
0.0
0.0
0.0
0.0
0.0
0.0
0.0
0.0
0.0
0.0
0.0
0.0
0.0
0.0
0.0
0.0
0.0
0.0
0.0
0.0
0.0
0.0
0.0
0.0
0.0
0.0
0.0
0.0
0.0
0.0
0.0
0.0
0.0
0.0
0.0
0.0
0.0
0.0
0.0
0.0
0.0
0.0
0.0
0.0
0.0
0.0
0.0
0.0
0.0
0.0
0.0
0.0
0.0
0.0
0.0
0.0
0.0
0.0
0.0
0.0
0.0
0.0
0.0
0.0
0.0
0.0
0.0
0.0
0.0
0.0
0.0
0.0
0.0
0.0
0.0
0.0
0.0
0.0
2.0E-6
2.0E-6
2.0E-6
2.0E-6
2.0E-6
2.0E-6
2.0E-6
2.0E-6
2.0E-6
2.0E-6
2.0E-6
2.0E-6
2.0E-6
2.0E-6
2.0E-6
2.0E-6
2.0E-6
2.0E-6
2.0E-6
2.0E-6
2.0E-6
2.0E-6
2.0E-6
2.0E-6
2.0E-6
2.0E-6
2.0E-6
2.0E-6
2.0E-6
2.0E-6
2.0E-6
2.0E-6
2.0E-6
2.0E-6
2.0E-6
2.0E-6
2.0E-6
2.0E-6
2.0E-6
2.0E-6
2.0E-6
2.0E-6
2.0E-6
2.0E-6
2.0E-6
2.0E-6
2.0E-6
2.0E-6
2.0E-6
2.0E-6
2.0E-6
2.0E-6
2.0E-6
2.0E-6
2.0E-6
2.0E-6
2.0E-6
2.0E-6
2.0E-6
2.0E-6
2.0E-6
2.0E-6
2.0E-6
2.0E-6
2.0E-6
2.0E-6
2.0E-6
2.0E-6
2.0E-6
2.0E-6
2.0E-6
2.0E-6
2.0E-6
2.0E-6
2.0E-6
2.0E-6
2.0E-6
2.0E-6
2.0E-6
2.0E-6
2.0E-6
2.0E-6
2.0E-6
2.0E-6
2.0E-6
2.0E-6
2.0E-6
2.0E-6
2.0E-6
2.0E-6
2.0E-6
2.0E-6
2.0E-6
2.0E-6
2.0E-6
2.0E-6
2.0E-6
2.0E-6
2.0E-6
2.0E-6
4.0E-6
4.0E-6
4.0E-6
4.0E-6
4.0E-6
4.0E-6
4.0E-6
4.0E-6
4.0E-6
4.0E-6
4.0E-6
4.0E-6
4.0E-6
4.0E-6
4.0E-6
4.0E-6
4.0E-6
4.0E-6
4.0E-6
4.0E-6
4.0E-6
4.0E-6
4.0E-6
4.0E-6
4.0E-6
4.0E-6
4.0E-6
4.0E-6
4.0E-6
4.0E-6
4.0E-6
4.0E-6
4.0E-6
4.0E-6
4.0E-6
4.0E-6
4.0E-6
4.0E-6
4.0E-6
4.0E-6
4.0E-6
4.0E-6
4.0E-6
4.0E-6
4.0E-6
4.0E-6
6.0E-6
6.0E-6
6.0E-6
6.0E-6
6.0E-6
6.0E-6
6.0E-6
6.0E-6
6.0E-6
6.0E-6
6.0E-6
6.0E-6
6.0E-6
6.0E-6
6.0E-6
6.0E-6
6.0E-6
6.0E-6
6.0E-6
6.0E-6
6.0E-6
6.0E-6
6.0E-6
6.0E-6
6.0E-6
6.0E-6
6.0E-6
6.0E-6
6.0E-6
6.0E-6
6.0E-6
8.0E-6
8.0E-6
8.0E-6
8.0E-6
8.0E-6
8.0E-6
8.0E-6
8.0E-6
8.0E-6
8.0E-6
8.0E-6
8.0E-6
8.0E-6
8.0E-6
8.0E-6
8.0E-6
8.0E-6
8.0E-6
8.0E-6
8.0E-6
9.999999999999999E-6
9.999999999999999E-6
9.999999999999999E-6
9.999999999999999E-6
1.2E-5
1.2E-5
1.2E-5
1.2E-5
1.2E-5
1.2E-5
1.2E-5
1.2E-5
1.2E-5
1.2E-5
1.2E-5
1.2E-5
1.2E-5
1.2E-5
1.2E-5
1.2E-5
1.2E-5
1.2E-5
1.4E-5
1.4E-5
1.4E-5
1.4E-5
1.4E-5
1.4E-5
1.4E-5
1.4E-5
1.6E-5
1.6E-5
1.6E-5
1.6E-5
1.6E-5
1.6E-5
1.6E-5
1.8E-5
1.8E-5
1.8E-5
1.8E-5
1.8E-5
1.9999999999999998E-5
1.9999999999999998E-5
1.9999999999999998E-5
1.9999999999999998E-5
1.9999999999999998E-5
1.9999999999999998E-5
2.2E-5
2.2E-5
2.2E-5
2.4E-5
2.4E-5
2.4E-5
2.4E-5
2.4E-5
2.4E-5
2.4E-5
2.4E-5
2.4E-5
2.6E-5
2.6E-5
2.6E-5
2.8E-5
2.8E-5
2.8E-5
2.8E-5
2.8E-5
2.9999999999999997E-5
2.9999999999999997E-5
2.9999999999999997E-5
2.9999999999999997E-5
2.9999999999999997E-5
2.9999999999999997E-5
2.9999999999999997E-5
3.4E-5
3.4E-5
3.4E-5
3.6E-5
3.6E-5
3.6E-5
3.6E-5
3.7999999999999995E-5
3.7999999999999995E-5
3.9999999999999996E-5
3.9999999999999996E-5
4.2E-5
4.4E-5
4.8E-5
4.8E-5
4.8E-5
4.8E-5
5.2E-5
5.4E-5
5.4E-5
5.4E-5
5.6E-5
5.6E-5
5.8E-5
5.8E-5
5.8E-5
5.8E-5
5.8E-5
5.9999999999999995E-5
5.9999999999999995E-5
5.9999999999999995E-5
5.9999999999999995E-5
5.9999999999999995E-5
6.599999999999999E-5
7.0E-5
7.2E-5
7.2E-5
7.2E-5
7.999999999999999E-5
8.4E-5
8.599999999999999E-5
8.8E-5
8.8E-5
8.999999999999999E-5
9.2E-5
9.2E-5
9.2E-5
9.6E-5
9.6E-5
9.8E-5
1.04E-4
1.08E-4
1.0999999999999999E-4
1.12E-4
1.1999999999999999E-4
1.1999999999999999E-4
1.3199999999999998E-4
1.36E-4
1.4E-4
1.44E-4
1.44E-4
1.44E-4
1.5199999999999998E-4
1.5199999999999998E-4
1.56E-4
1.56E-4
1.5999999999999999E-4
1.5999999999999999E-4
1.6999999999999999E-4
1.92E-4
1.94E-4
1.94E-4
1.9999999999999998E-4
2.12E-4
2.16E-4
2.16E-4
2.24E-4
2.32E-4
2.3799999999999998E-4
2.6399999999999997E-4
2.76E-4
2.76E-4
2.78E-4
2.8E-4
2.9E-4
3.0199999999999997E-4
3.1E-4
3.2199999999999997E-4
3.4199999999999996E-4
3.86E-4
3.88E-4
4.1999999999999996E-4
4.34E-4
4.5E-4
5.2E-4
5.58E-4
6.02E-4
6.299999999999999E-4
6.82E-4
8.219999999999999E-4
0.001032
0.001174
0.0011899999999999999
0.0012
0.001646
0.001702
0.00172
0.0017339999999999999
0.0017859999999999998
0.001828
0.001838
0.0018399999999999998
0.0018839999999999998
0.00189
0.0019019999999999998
0.0019039999999999999
0.001906
0.001908
0.0019099999999999998
0.001914
0.001926
0.001932
0.0019399999999999999
0.0019399999999999999
0.001944
0.0019459999999999998
0.00195
0.001956
0.001958
0.00196
0.00196
0.00196
0.001966
0.0019679999999999997
0.0019679999999999997
0.0019679999999999997
0.0019679999999999997
0.0019679999999999997
0.0019679999999999997
0.00197
0.00197
0.001972
0.001972
0.001972
0.001974
0.001974
0.001974
0.001974
0.001976
0.001976
0.0019779999999999997
0.0019779999999999997
0.0019779999999999997
0.0019779999999999997
0.00198
0.00198
0.001982
0.001982
0.001984
0.001984
0.001984
0.001984
0.001984
0.001984
0.001984
0.001986
0.001986
0.001986
0.001986
0.001986
0.001986
0.001986
0.001986
0.001986
0.001986
0.001986
0.0019879999999999997
0.0019879999999999997
0.0019879999999999997
0.0019879999999999997
0.0019879999999999997
0.0019879999999999997
0.0019879999999999997
0.0019879999999999997
0.00199
0.00199
0.00199
0.00199
0.00199
0.00199
0.00199
0.00199
0.00199
0.00199
0.00199
0.00199
0.00199
0.00199
0.00199
0.001992
0.001992
0.001992
0.001992
0.001992
0.001992
0.001992
0.001992
0.001992
0.001992
0.001992
0.001992
0.001992
0.001992
0.001992
0.001992
0.001992
0.001992
0.001992
0.001992
0.001992
0.001992
0.001992
0.001992
0.001992
0.001992
0.001992
0.001992
0.001994
0.001994
0.001994
0.001994
0.001994
0.001994
0.001994
0.001994
0.001994
0.001994
0.001994
0.001994
0.001994
0.001994
0.001994
0.001994
0.001994
0.001994
0.001994
0.001994
0.001994
0.001994
0.001994
0.001994
0.001994
0.001994
0.001994
0.001994
0.001994
0.001994
0.001994
0.001994
0.001994
0.001994
0.001994
0.001994
0.001994
0.001994
0.001994
0.001994
0.001994
0.001994
0.001994
0.001996
0.001996
0.001996
0.001996
0.001996
0.001996
0.001996
0.001996
0.001996
0.001996
0.001996
0.001996
0.001996
0.001996
0.001996
0.001996
0.001996
0.001996
0.001996
0.001996
0.001996
0.001996
0.001996
0.001996
0.001996
0.001996
0.001996
0.001996
0.001996
0.001996
0.001996
0.001996
0.001996
0.001996
0.001996
0.001996
0.001996
0.001996
0.001996
0.001996
0.001996
0.001996
0.001996
0.001996
0.001996
0.001996
0.001996
0.001996
0.001996
0.001996
0.001996
0.001996
0.001996
0.001996
0.001996
0.001996
0.001996
0.001996
0.001996
0.001996
0.001996
0.001996
0.001996
0.001996
0.001996
0.001996
0.001996
0.001996
0.001996
0.001996
0.001996
0.001996
0.001996
0.001996
0.001996
0.001996
0.001996
0.001996
0.001996
0.001996
0.001996
0.001996
0.001996
0.001996
0.001996
0.001996
0.001996
0.001996
0.001996
0.001996
0.001996
0.001996
0.001996
0.001996
0.001996
0.001996
0.001996
0.001996
0.001996
0.001996
0.001996
0.001996
0.001996
0.001996
0.001996
0.001996
0.001996
0.001996
0.001996
0.001996
0.001996
0.001996
0.001996
0.001996
0.001996
0.001996
0.001996
0.001996
0.001996
0.001996
0.001996
0.001996
0.001996
0.001996
0.001996
0.001996
0.001996
0.001996
0.001996
0.001996
0.001996
0.001996
0.001996
0.001996
0.001996
0.001996
0.001996
0.001996
0.001996
0.001996
0.001996
0.001996
0.001996
0.001996
0.001996
0.001996
0.001996
0.001996
0.001996
0.001996
0.001996
0.001996
0.001996
0.001996
0.001996
0.0019979999999999998
0.0019979999999999998
0.0019979999999999998
0.0019979999999999998
0.0019979999999999998
0.0019979999999999998
0.0019979999999999998
0.0019979999999999998
0.0019979999999999998
0.0019979999999999998
0.0019979999999999998
0.0019979999999999998
0.0019979999999999998
0.0019979999999999998
0.0019979999999999998
0.0019979999999999998
0.0019979999999999998
0.0019979999999999998
0.0019979999999999998
0.0019979999999999998
0.0019979999999999998
0.0019979999999999998
0.0019979999999999998
0.0019979999999999998
0.0019979999999999998
0.0019979999999999998
0.0019979999999999998
0.0019979999999999998
0.0019979999999999998
0.0019979999999999998
0.0019979999999999998
0.0019979999999999998
0.0019979999999999998
0.0019979999999999998
0.0019979999999999998
0.0019979999999999998
0.0019979999999999998
0.0019979999999999998
0.0019979999999999998
0.0019979999999999998
0.0019979999999999998
0.0019979999999999998
0.0019979999999999998
0.0019979999999999998
0.0019979999999999998
0.0019979999999999998
0.0019979999999999998
0.0019979999999999998
0.0019979999999999998
0.0019979999999999998
0.0019979999999999998
0.0019979999999999998
0.0019979999999999998
0.0019979999999999998
0.0019979999999999998
0.0019979999999999998
0.0019979999999999998
0.0019979999999999998
0.0019979999999999998
0.0019979999999999998
0.0019979999999999998
0.0019979999999999998
0.0019979999999999998
0.0019979999999999998
0.0019979999999999998
0.0019979999999999998
0.0019979999999999998
0.0019979999999999998
0.0019979999999999998
0.0019979999999999998
0.0019979999999999998
0.0019979999999999998
0.0019979999999999998
0.0019979999999999998
0.0019979999999999998
0.0019979999999999998
0.0019979999999999998
0.0019979999999999998
0.0019979999999999998
0.0019979999999999998
0.0019979999999999998
0.0019979999999999998
0.0019979999999999998
0.0019979999999999998
0.0019979999999999998
0.0019979999999999998
0.0019979999999999998
0.0019979999999999998
0.0019979999999999998
0.0019979999999999998
0.0019979999999999998
0.0019979999999999998
0.0019979999999999998
0.0019979999999999998
0.0019979999999999998
0.0019979999999999998
0.0019979999999999998
0.0019979999999999998
0.0019979999999999998
0.0019979999999999998
0.0019979999999999998
0.0019979999999999998
0.0019979999999999998
0.0019979999999999998
0.0019979999999999998
0.0019979999999999998
0.0019979999999999998
0.0019979999999999998
0.0019979999999999998
0.0019979999999999998
0.0019979999999999998
0.0019979999999999998
0.0019979999999999998
0.0019979999999999998
0.0019979999999999998
0.0019979999999999998
0.0019979999999999998
0.0019979999999999998
0.0019979999999999998
0.0019979999999999998
0.0019979999999999998
0.0019979999999999998
0.0019979999999999998
0.0019979999999999998
0.0019979999999999998
0.0019979999999999998
0.0019979999999999998
0.0019979999999999998
0.0019979999999999998
0.0019979999999999998
0.0019979999999999998
0.0019979999999999998
0.0019979999999999998
0.0019979999999999998
0.0019979999999999998
0.0019979999999999998
0.0019979999999999998
0.0019979999999999998
0.0019979999999999998
0.0019979999999999998
0.0019979999999999998
0.0019979999999999998
0.0019979999999999998
0.0019979999999999998
0.0019979999999999998
0.0019979999999999998
0.0019979999999999998
0.0019979999999999998
0.0019979999999999998
0.0019979999999999998
0.0019979999999999998
0.0019979999999999998
0.0019979999999999998
0.0019979999999999998
0.0019979999999999998
0.0019979999999999998
0.0019979999999999998
0.0019979999999999998
0.0019979999999999998
0.0019979999999999998
0.0019979999999999998
0.0019979999999999998
0.0019979999999999998
0.0019979999999999998
0.0019979999999999998
0.0019979999999999998
0.0019979999999999998
0.0019979999999999998
0.0019979999999999998
0.0019979999999999998
0.0019979999999999998
0.0019979999999999998
0.0019979999999999998
0.0019979999999999998
0.0019979999999999998
0.0019979999999999998
0.0019979999999999998
0.0019979999999999998
0.0019979999999999998
0.0019979999999999998
0.0019979999999999998
0.0019979999999999998
0.0019979999999999998
0.0019979999999999998
0.0019979999999999998
0.0019979999999999998
0.0019979999999999998
0.0019979999999999998
0.0019979999999999998
0.0019979999999999998
0.0019979999999999998
0.0019979999999999998
0.0019979999999999998
0.0019979999999999998
0.0019979999999999998
0.0019979999999999998
0.0019979999999999998
0.0019979999999999998
0.0019979999999999998
0.0019979999999999998
0.0019979999999999998
0.0019979999999999998
0.0019979999999999998
0.0019979999999999998
0.0019979999999999998
0.0019979999999999998
0.0019979999999999998
0.0019979999999999998
0.0019979999999999998
0.0019979999999999998
0.0019979999999999998
0.0019979999999999998
0.0019979999999999998
0.0019979999999999998
0.0019979999999999998
0.0019979999999999998
0.0019979999999999998
0.0019979999999999998
0.0019979999999999998
0.0019979999999999998
0.0019979999999999998
0.0019979999999999998
0.0019979999999999998
0.0019979999999999998
0.0019979999999999998
0.0019979999999999998
0.0019979999999999998
0.0019979999999999998
0.0019979999999999998
0.0019979999999999998
0.0019979999999999998
0.0019979999999999998
0.0019979999999999998
0.0019979999999999998
0.0019979999999999998
0.0019979999999999998
0.0019979999999999998
0.0019979999999999998
0.0019979999999999998
0.0019979999999999998
0.0019979999999999998
0.0019979999999999998
0.0019979999999999998
0.0019979999999999998
0.0019979999999999998
0.0019979999999999998
0.0019979999999999998
0.0019979999999999998
0.0019979999999999998
0.0019979999999999998
0.0019979999999999998
0.0019979999999999998
0.0019979999999999998
0.0019979999999999998
0.0019979999999999998
0.0019979999999999998
0.0019979999999999998
0.0019979999999999998
0.0019979999999999998
0.0019979999999999998
0.0019979999999999998
0.0019979999999999998
0.0019979999999999998
0.0019979999999999998
0.0019979999999999998
0.0019979999999999998
0.0019979999999999998
0.0019979999999999998
0.0019979999999999998
0.0019979999999999998
0.0019979999999999998
0.0019979999999999998
0.0019979999999999998
0.0019979999999999998
0.0019979999999999998
0.0019979999999999998
0.0019979999999999998
0.0019979999999999998
0.0019979999999999998
0.0019979999999999998
0.0019979999999999998
0.0019979999999999998
0.0019979999999999998
0.0019979999999999998
0.0019979999999999998
0.0019979999999999998
0.0019979999999999998
0.0019979999999999998
0.0019979999999999998
0.0019979999999999998
0.0019979999999999998
0.0019979999999999998
0.0019979999999999998
0.0019979999999999998
0.0019979999999999998
0.0019979999999999998
0.0019979999999999998
0.0019979999999999998
0.0019979999999999998
0.0019979999999999998
0.0019979999999999998
0.0019979999999999998
0.0019979999999999998
0.0019979999999999998
0.0019979999999999998
0.0019979999999999998
0.0019979999999999998
0.0019979999999999998
0.0019979999999999998
0.0019979999999999998
0.0019979999999999998
0.0019979999999999998
0.0019979999999999998
0.0019979999999999998
0.0019979999999999998
0.0019979999999999998
0.0019979999999999998
0.0019979999999999998
0.0019979999999999998
0.0019979999999999998
0.0019979999999999998
0.0019979999999999998
0.0019979999999999998
0.0019979999999999998
0.0019979999999999998
0.0019979999999999998
0.0019979999999999998
0.0019979999999999998
0.0019979999999999998
0.0019979999999999998
0.0019979999999999998
0.0019979999999999998
0.0019979999999999998
0.0019979999999999998
0.002
0.002002
0.002002
0.002002
0.0020039999999999997
0.002006
0.002006
0.002006
0.002006
0.002006
0.00201
0.00201
0.0020139999999999997
0.002016
0.00203
0.002098
0.002126
0.00217
0.00219
0.002258
0.002492
0.003518
0.00357
0.0036
0.003728
0.00374
0.003836
0.003836
0.003842
0.003884
0.003884
0.0039
0.0039
0.003912
0.00392
0.003926
0.003928
0.003928
0.003932
0.003932
0.003935999999999999
0.003938
0.003938
0.003944
0.003948
0.003952
0.003952
0.003952
0.003954
0.003958
0.00396
0.003962
0.003962
0.003964
0.003966
0.003966
0.003968
0.00397
0.00397
0.00397
0.003972
0.003972
0.003972
0.003972
0.003974
0.003974
0.003974
0.003974
0.003974
0.003974
0.0039759999999999995
0.0039759999999999995
0.0039759999999999995
0.003978
0.003978
0.003978
0.00398
0.00398
0.00398
0.00398
0.00398
0.003981999999999999
0.003981999999999999
0.003981999999999999
0.003981999999999999
0.003981999999999999
0.003981999999999999
0.003984
0.003984
0.003984
0.003984
0.003984
0.003984
0.003984
0.003984
0.003984
0.003984
0.003984
0.003986
0.003986
0.003986
0.003986
0.003986
0.003986
0.003986
0.003986
0.003986
0.003986
0.003986
0.003986
0.003986
0.003986
0.003986
0.003988
0.003988
0.003988
0.003988
0.003988
0.003988
0.003988
0.003988
0.003988
0.003988
0.003988
0.003988
0.003988
0.003988
0.003988
0.003988
0.003988
0.00399
0.00399
0.00399
0.00399
0.00399
0.00399
0.00399
0.00399
0.00399
0.00399
0.00399
0.00399
0.00399
0.00399
0.00399
0.00399
0.00399
0.00399
0.00399
0.00399
0.00399
0.00399
0.00399
0.00399
0.00399
0.00399
0.00399
0.00399
0.00399
0.00399
0.00399
0.003992
0.003992
0.003992
0.003992
0.003992
0.003992
0.003992
0.003992
0.003992
0.003992
0.003992
0.003992
0.003992
0.003992
0.003992
0.003992
0.003992
0.004222
0.004408
0.00499
0.005704
0.005742
0.005771999999999999
0.005814
0.00588
0.005886
0.005889999999999999
0.005914
0.00592
0.005932
0.005934
0.005934
0.005941999999999999
0.005946
0.005946
0.005948
0.005948
0.005954
0.0059559999999999995
0.005958
0.00596
0.005961999999999999
0.005961999999999999
0.005961999999999999
0.005966
0.005966
0.005966
0.005966
0.005967999999999999
0.00597
0.005972
0.005974
0.005974
0.005974
0.005974
0.005974
0.005974
0.0059759999999999995
0.0059759999999999995
0.0059759999999999995
0.0059759999999999995
0.0059759999999999995
0.0059759999999999995
0.005978
0.005978
0.005978
0.005978
0.005978
0.00598
0.00598
0.00598
0.00598
0.00598
0.00598
0.0059819999999999995
0.0059819999999999995
0.0059819999999999995
0.0059819999999999995
0.0059819999999999995
0.005992
0.006324
0.00663
0.006751999999999999
0.00747
0.007633999999999999
0.007698
0.0077339999999999996
0.007742
0.007783999999999999
0.007802
0.007806
0.007809999999999999
0.007816
0.007824
0.00783
0.007844
0.007888
0.007904
0.00791
0.007914
0.007932
0.00794
0.007944
0.007944
0.007948
0.007956
0.007956
0.007958
0.00797
0.008746
0.009504
0.009687999999999999
0.009788
0.00984
0.009857999999999999
0.009859999999999999
0.009918
0.009925999999999999
0.009928
0.009934
0.00994
0.009946
0.010236
0.010602
0.011538
0.011628
0.011644
0.011652
0.011819999999999999
0.01183
0.011848
0.011848
0.011862
0.011899999999999999
0.011902
0.013139999999999999
0.013529999999999999
0.013543999999999999
0.013574
0.01363
0.013755999999999999
0.01385
0.013855999999999999
0.013881999999999999
0.013881999999999999
0.013883999999999999
0.015045999999999999
0.015276
0.015522
0.015593999999999998
0.01566
0.01582
0.015828
0.01779
0.019558
0.020805999999999998
0.021398
0.021488
0.02162
0.021698
0.022948
0.023188
0.024985999999999998
0.025324
0.026286
0.027444
0.028503999999999998
0.02886
0.02965
0.030167999999999997
0.030359999999999998
0.030691999999999997
0.0329
0.034928
0.038017999999999996
0.038348
0.038683999999999996
0.041332
0.04229
0.043769999999999996
0.050317999999999995
0.051646
0.055349999999999996
0.060728
0.07413
0.079542
0.09931
0.116962
0.177336
0.17840999999999999
0.329576
