0.893	0.999999110710735
0.161	0.9999993623738967
0.264	0.9999997477968257
0.877	0.9999991280220129
0.061	0.9999994567216025
0.853	0.9999995678705299
0.998	0.9999994248884501
0.992	0.9999994592263571
0.758	0.9999994520383992
0.25	0.9999993028905168
0.378	0.9999999256422023
0.935	0.9999998064133718
0.177	0.9999990512999023
0.637	0.9999994243115121
0.151	0.9999991036257488
0.923	0.9999994728957021
0.915	0.9999997447499842
0.403	0.9999998954054001
0.65	0.9999996154642224
0.299	0.9999996019946438
0.702	0.9999996306324735
0.771	0.9999991490161203
0.31	0.9999997262450672
0.467	0.9999990062941452
0.47	0.9999993090421399
0.994	0.9999996461048446
0.894	0.9999997777616455
0.982	0.9999994829865569
0.999	0.9999992226386898
0.504	0.9999993119546926
0.264	0.9999995997898361
0.277	0.9999993000433084
0.979	0.9999992307471203
0.352	0.9999999512457219
0.496	0.9999996338309326
0.949	0.9999994099919748
0.609	0.9999992707583581
0.298	0.9999993184392643
0.812	0.9999994342714491
0.802	0.9999994764243277
0.997	0.99999993437497
0.463	0.9999992513227531
0.392	0.999999513662375
0.428	0.9999999829112663
0.707	0.9999996661322288
0.872	0.9999991632931617
0.604	0.9999992068343144
0.814	0.9999995348340787
0.936	0.9999990777498122
0.215	0.9999992338748069
0.845	0.9999993428154751
0.329	0.9999999617003936
0.584	0.9999995642642387
0.885	0.999999837181889
0.307	0.9999990340363707
0.765	0.9999999808489768
0.89	0.9999990065168427
0.974	0.9999991044732445
0.534	0.9999998190511816
0.859	0.9999999929973523
0.303	0.9999998494492729
0.552	0.999999029638191
0.774	0.9999997280289629
0.984	0.9999990459271137
0.704	0.9999992568133753
0.323	0.9999991954133438
0.999	0.9999995795057232
0.002	0.9999991246549497
0.158	0.9999993602513174
0.972	0.9999990233042496
0.369	0.9999999624182495
0.703	0.999999704774075
0.44	0.9999998443727616
0.974	0.9999994316468923
0.69	0.9999999091815801
0.246	0.9999999402035734
0.216	0.9999992393060837
0.405	0.9999999239355182
0.999	0.9999992235854981
0.765	0.9999999474167709
0.28	0.9999993283499164
0.803	0.9999994234840696
0.986	0.9999997915451396
0.543	0.9999993952862565
0.466	0.9999990207378112
0.6	0.9999996206868842
0.474	0.9999999732502434
0.843	0.9999990130002196
0.307	0.9999998881439637
0.39	0.999999205596272
0.385	0.9999993520036067
0.817	0.999999688080342
0.203	0.9999993184637089
0.152	0.9999991212130859
0.467	0.9999996980623389
0.793	0.9999995423487069
0.868	0.9999999015088484
0.367	0.9999998918515443
0.957	0.9999999950480665
0.998	0.99999974575685
0.17	0.9999992286734782
0.43	0.9999991561215688
0.36	0.9999997719910824
0.763	0.9999998563250712
0.393	0.9999997622201845
0.703	0.9999997655158014
0.31	0.9999997858447452
0.748	0.9999991589923332
0.36	0.9999998097594138
0.957	0.9999991973035058
0.044	0.9999993073080046
0.887	0.999999817008289
0.336	0.9999999255904802
0.463	0.9999995743449581
0.538	0.9999998770477466
0.535	0.9999996465727498
0.149	0.9999992529855714
0.922	0.9999992846741543
0.388	0.9999994199321954
0.683	0.9999999787300022
0.787	0.9999994201094151
0.196	0.9999990501071718
0.191	0.9999990316261275
0.413	0.9999993821221079
0.574	0.9999996071670713
0.203	0.9999993058563433
0.885	0.9999995849285918
0.335	0.9999999859988592
0.416	0.999999313488418
0.677	0.9999999220597754
0.343	0.9999995424746893
0.937	0.9999997649778932
0.378	0.9999991706542202
0.501	0.9999996233363295
0.429	0.999999007933828
0.541	0.9999994253420018
0.817	0.999999871396412
0.4	0.9999999439192431
0.983	0.9999990996028127
0.365	0.9999994672569886
0.55	0.9999999138875165
0.202	0.9999991936254773
0.493	0.9999991882930338
0.336	0.999999588095835
0.864	0.9999993971640586
0.802	0.9999997038449042
0.975	0.9999994056666928
0.343	0.9999998391311317
0.932	0.9999995458202556
0.924	0.9999995729545509
0.558	0.9999990996927907
0.469	0.999999851180352
0.875	0.9999999907347317
0.998	0.9999992369789081
0.266	0.9999995906427753
0.148	0.999999004354602
0.716	0.9999990874745153
0.873	0.9999994540395579
0.264	0.9999996640636847
0.396	0.999999632883083
0.642	0.9999997151544328
0.478	0.9999997100662992
0.573	0.9999997264103893
0.251	0.9999992280632809
0.799	0.9999990659252346
0.797	0.9999996284407041
0.482	0.9999994445420602
0.52	0.9999991306868845
0.432	0.9999999088667353
0.307	0.9999996976914354
0.896	0.9999999920326175
0.996	0.9999993888900415
0.296	0.9999996919857467
0.199	0.9999995190547472
0.907	0.9999997332638659
0.543	0.9999992981729011
0.599	0.9999996321086598
0.399	0.9999998196553962
0.195	0.9999992905143581
0.985	0.9999996374143839
0.938	0.9999996348791529
0.941	0.9999996772652334
0.805	0.9999994597809524
0.96	0.9999997680306142
0.434	0.9999994856773149
0.209	0.999999759033326
0.853	0.9999993678158947
0.384	0.9999995729871158
0.967	0.9999992571732038
0.555	0.9999998892866804
0.608	0.9999995958716901
0.998	0.9999996782034531
0.733	0.9999992903561518
0.508	0.9999999304371242
0.999	0.9999997349107925
0.8	0.9999995209560768
0.86	0.9999994232652615
0.36	0.9999997862306099
0.317	0.9999999825356939
0.589	0.9999996082024878
0.414	0.9999993652776893
0.896	0.9999993180186051
0.402	0.9999999436606638
0.77	0.9999997423270363
0.587	0.9999992446957734
0.977	0.999999102426345
0.744	0.999999754947823
0.179	0.9999990826219424
0.981	0.9999993935064815
0.199	0.9999992527399161
0.976	0.9999990172936868
0.904	0.9999996578900002
0.107	0.9999993755695149
0.89	0.9999999765261904
0.318	0.999999791154167
0.526	0.9999993488829979
0.205	0.9999991131216974
0.297	0.9999991484491295
0.34	0.9999990862641348
0.991	0.9999994188408593
0.825	0.9999997213701323
0.792	0.9999999399324282
0.292	0.9999998602944575
0.101	0.9999993862433457
0.46	0.999999322081442
0.377	0.9999994662848372
0.992	0.9999995302811713
0.803	0.9999994059319008
0.311	0.9999996744462758
0.406	0.9999994870648874
0.66	0.9999993961278784
0.771	0.9999993530962803
0.942	0.9999999351512561
0.121	0.9999994269469992
0.14	0.9999991772796314
0.902	0.9999994891815192
0.516	0.9999992394504637
0.25	0.9999993720132835
0.137	0.9999990716449203
0.497	0.9999999295967045
0.14	0.9999990811765563
0.072	0.9999992403606542
0.878	0.9999993601172271
0.887	0.9999991301739033
0.282	0.9999996620134632
0.382	0.9999990260994697
0.236	0.9999996005482175
0.477	0.9999992626441879
0.43	0.9999994789768836
0.897	0.9999998722671262
0.992	0.9999998817836211
0.874	0.9999996589791438
0.781	0.9999994239368073
0.328	0.9999997408793012
0.251	0.9999994413829066
0.263	0.9999994702485772
0.452	0.9999995801544048
0.235	0.9999996172743316
0.541	0.9999991898970974
0.152	0.9999993077297905
0.853	0.999999718178071
0.185	0.9999995111217682
0.897	0.999999330093877
0.777	0.9999999123204772
0.215	0.99999921708326
0.343	0.9999999978911659
0.266	0.9999993112694434
0.999	0.9999998328757795
0.828	0.9999997669198399
0.313	0.9999996822867291
0.636	0.9999998167976762
0.583	0.9999996849070613
0.481	0.9999997443709141
0.915	0.9999997590878645
0.328	0.9999993473287905
0.496	0.9999998081612999
0.514	0.9999995959946703
0.893	0.9999997970439144
0.265	0.9999992325470992
0.802	0.9999990449091946
0.304	0.9999999120719844
0.315	0.9999999779022114
0.277	0.9999995811702722
0.798	0.9999999203422036
0.158	0.9999991289532904
0.101	0.9999992853557806
0.885	0.9999997618655733
0.285	0.9999997223114175
0.221	0.9999999589298562
0.375	0.9999995576328343
0.164	0.9999994970244424
0.4	0.9999998496855347
0.329	0.999999714053661
0.693	0.9999998926577794
0.931	0.9999995468436693
0.183	0.9999993269583027
0.278	0.9999996639342276
0.243	0.9999996261419978
0.265	0.9999992629196548
0.298	0.9999995672758868
0.386	0.9999994474567943
0.507	0.999999990672362
0.985	0.9999999985645147
0.231	0.9999993068987687
0.478	0.9999993444714338
0.41	0.9999996078075382
0.755	0.9999994773223982
0.588	0.999999131162864
0.301	0.9999999059020114
0.875	0.9999991653783107
0.883	0.9999997416534654
0.803	0.9999991653431329
0.275	0.9999990393512153
0.767	0.9999999886476779
0.476	0.9999992305367946
0.553	0.9999993133796501
0.928	0.9999991521547654
0.4	0.9999997266736013
0.824	0.999999867721172
0.341	0.9999998932529537
0.224	0.9999993649892122
0.456	0.9999990441564366
0.4	0.9999997816407704
0.94	0.999999639865788
0.153	0.9999991264949676
0.815	0.999999034265939
0.269	0.9999994234915861
0.245	0.9999998246028566
0.749	0.9999997830290539
0.548	0.9999990493730134
0.784	0.9999994017475745
0.231	0.9999996753223823
0.245	0.9999997875403057
0.987	0.9999997843087631
0.993	0.9999993093872475
0.354	0.9999993713379255
0.772	0.9999992676821334
0.809	0.9999997407276542
0.287	0.9999991843636387
0.764	0.9999996350329762
0.345	0.9999996156764572
0.843	0.9999996513331462
0.947	0.9999990143608123
0.441	0.9999993450649205
0.482	0.999999611066836
0.195	0.9999990491850039
0.996	0.9999998736345497
0.32	0.9999996556815979
0.232	0.9999993423767185
0.984	0.9999999299871917
0.96	0.9999998627473109
0.664	0.9999998225057889
1.0	0.9999998548337748
0.899	0.9999993742173661
0.764	0.9999990112551119
0.776	0.9999993071987106
0.465	0.9999990186971479
0.432	0.9999990711310109
0.352	0.999999698925718
0.606	0.9999997617439831
0.251	0.9999995863496611
0.679	0.999999918148597
0.961	0.9999999528194417
0.227	0.9999991776650005
0.523	0.9999997862233211
0.982	0.9999992568046945
0.99	0.9999991855613417
0.769	0.9999998262939492
0.465	0.9999990877269439
0.592	0.9999998503876534
0.473	0.999999554408737
0.246	0.9999996133070416
0.948	0.9999999637545748
0.824	0.9999994086136041
0.477	0.9999991412201422
0.477	0.9999991240297532
0.34	0.9999995759789148
0.537	0.9999993210894653
0.233	0.999999580175448
0.263	0.9999999456142684
0.828	0.9999993130001757
0.822	0.9999992740501149
0.237	0.9999995931313432
0.326	0.9999998179967672
0.183	0.9999990225837508
0.796	0.9999995937737413
0.385	0.999999131726618
0.39	0.9999997876077366
0.99	0.9999995965750081
0.987	0.9999994852903651
0.975	0.999999470879731
0.842	0.9999998161479532
0.215	0.9999992907309285
0.823	0.9999998164343677
0.143	0.9999996500714965
0.997	0.9999992312935287
0.713	0.9999997915762738
0.991	0.9999997349966248
0.952	0.9999991168080489
0.681	0.9999999970224324
0.209	0.9999995785436188
0.092	0.9999992006658398
0.357	0.9999992909268628
0.061	0.9999990283314973
0.626	0.9999995720160403
0.995	0.9999994636536814
0.999	0.9999990389139344
0.738	0.9999996784110328
0.298	0.9999994065469525
0.622	0.9999996283410734
0.496	0.9999997241490494
0.171	0.9999990859514191
0.853	0.9999999233963502
0.403	0.9999997029718595
0.664	0.9999995820203234
0.26	0.9999992860303681
0.756	0.9999996376688423
0.972	0.9999999553756632
0.668	0.9999996580874682
0.515	0.9999998601455707
0.773	0.99999900270901
0.645	0.9999999698904879
0.683	0.9999994430015632
0.057	0.9999994292421251
0.175	0.9999992680560009
0.191	0.9999995321013775
0.959	0.9999996396281624
0.423	0.9999994781724201
0.464	0.9999996071332081
0.179	0.9999993557087336
0.239	0.9999992058435216
0.713	0.9999998408472424
0.303	0.9999999769803867
0.253	0.9999997097856766
0.947	0.9999999307178247
0.309	0.9999996723964425
0.711	0.9999998647264727
0.13	0.9999992048762197
0.954	0.9999993223241074
0.999	0.9999998879851866
0.389	0.9999996741264543
0.623	0.9999993528305345
0.398	0.999999512145624
0.974	0.9999998575051953
0.444	0.9999990103740144
0.313	0.999999027979032
0.251	0.9999992140921605
0.487	0.9999996111701482
0.566	0.9999995325285225
0.356	0.9999996261740928
0.683	0.9999995153625034
1.0	0.9999999331250985
0.093	0.9999993602874792
0.425	0.9999995434451333
0.653	0.9999994219249536
0.746	0.999999498496366
0.33	0.9999992454520642
0.065	0.9999995774356185
0.596	0.9999996331244192
0.87	0.9999996438728036
0.776	0.9999998483365853
0.339	0.9999999925072738
0.407	0.9999999779490826
0.393	0.9999994520436635
0.933	0.9999994954904833
0.238	0.9999992833268949
0.321	0.9999993097356333
0.834	0.9999995788712748
0.592	0.9999997374852668
0.234	0.9999991219494421
0.126	0.9999994266036317
0.391	0.9999996535127198
0.265	0.99999987416476
0.906	0.9999995798664197
0.952	0.9999997616746437
0.067	0.9999991427638074
0.601	0.9999993696208054
0.361	0.999999479168804
0.23	0.9999991701247433
0.524	0.9999992861239189
0.314	0.9999997403033969
0.158	0.9999996459272744
0.163	0.9999991293882332
0.634	0.9999990802537289
0.295	0.9999990670558488
0.404	0.9999999140915179
0.269	0.9999990643394538
0.981	0.9999993198074102
0.774	0.9999997554848541
0.991	0.9999999596459882
0.117	0.9999993110253749
0.166	0.9999993862053733
0.908	0.9999995489835607
0.112	0.9999994324622413
0.763	0.9999994405431251
0.571	0.9999998167207562
0.991	0.9999990848265647
0.644	0.9999993972295356
0.457	0.9999992789050451
0.945	0.9999996833341849
0.726	0.9999994761690004
0.368	0.9999997950451849
0.999	0.9999999792457931
0.774	0.9999994641213543
0.628	0.9999995013959193
0.41	0.9999994936847734
0.394	0.9999999294864664
0.98	0.9999993995186321
0.496	0.9999999871530152
0.466	0.9999995072709522
0.345	0.9999991115673653
0.952	0.9999992916239614
0.762	0.9999998825327263
0.015	0.9999991350104009
0.232	0.9999997676336215
0.323	0.9999993267640641
0.759	0.999999339258612
0.112	0.9999990938512537
0.601	0.9999998740596874
0.808	0.9999997798800093
0.384	0.9999998363552167
0.141	0.9999992013725862
0.822	0.9999999759457192
0.216	0.9999993938526405
0.181	0.9999990176701209
0.652	0.9999998029010859
0.58	0.999999392748263
0.354	0.9999998177057232
0.804	0.9999994467371438
0.44	0.9999999308043309
0.315	0.999999669944734
0.309	0.999999734707009
0.478	0.9999999258770887
0.137	0.9999991340981269
0.873	0.9999994221561063
0.738	0.9999992146893648
0.818	0.9999993750352392
0.468	0.9999990229556307
0.544	0.999999389892099
0.544	0.9999993845016311
0.937	0.9999995207590452
0.367	0.9999998354025446
0.926	0.9999996151101666
0.792	0.9999997263114654
0.506	0.9999998068489359
0.353	0.9999997524212051
0.933	0.9999991300225679
0.056	0.9999991855498472
0.402	0.9999990055873527
0.698	0.9999992628844085
0.323	0.9999994490985259
0.355	0.9999997986116522
0.909	0.9999999820928177
0.548	0.9999996111918806
0.242	0.9999994559726408
0.416	0.9999997350026224
0.598	0.999999944236137
0.241	0.9999992481705329
0.833	0.9999999849642638
0.168	0.9999994894250728
0.866	0.9999992966625634
0.498	0.9999992497405139
0.512	0.9999995111871915
0.994	0.999999456387477
0.51	0.9999999098785216
0.589	0.9999998680598762
0.982	0.9999998837197043
0.692	0.9999992732278574
0.116	0.9999992139758671
0.495	0.9999997362903708
0.423	0.9999999630821876
0.998	0.9999991270156907
0.003	0.9999990314434343
0.542	0.999999760827593
0.517	0.9999993572557125
0.952	0.9999996866193911
0.386	0.9999994746730329
0.94	0.9999994037909389
0.188	0.9999991897503532
0.758	0.9999994432959938
0.295	0.9999995511233964
0.654	0.999999883750473
0.536	0.9999999787331986
0.72	0.9999990214738977
0.274	0.9999993427530185
0.795	0.9999998041282289
0.214	0.9999992579825399
0.696	0.999999455981793
0.744	0.9999997562136484
0.542	0.9999998563905657
0.3	0.9999995284385851
0.995	0.9999995227876706
0.782	0.9999998764282556
0.621	0.9999995391109054
0.134	0.9999994933976039
0.735	0.999999957381235
0.436	0.9999998985552445
0.228	0.9999992841618606
0.755	0.9999993008756259
0.202	0.9999997982639978
0.999	0.9999994619831715
0.834	0.9999999877519729
0.189	0.999999693450517
0.819	0.9999991525678346
0.887	0.9999999648731843
0.987	0.9999997067136889
0.381	0.9999995488872234
0.064	0.999999396654275
0.994	0.999999098909753
0.193	0.9999991993886373
0.321	0.9999992841072587
0.613	0.9999991966133601
0.325	0.9999994112860979
0.487	0.9999990656657629
0.3	0.9999999905796957
0.294	0.9999997618943249
0.877	0.9999991746102828
0.484	0.9999994721593594
0.984	0.9999999709635993
0.392	0.999999429886457
0.632	0.9999992252682675
0.879	0.9999998362160659
0.281	0.9999995548340581
0.862	0.9999990200687151
0.441	0.9999997169424991
0.562	0.9999993863835052
0.968	0.9999996855954609
0.927	0.999999393436953
0.845	0.9999999283484922
0.977	0.9999992171682329
0.675	0.9999997911829343
0.149	0.9999993062244256
0.797	0.9999993628910239
0.132	0.9999993123606288
0.99	0.9999998779107179
0.316	0.9999999565023159
0.119	0.9999993828253909
0.131	0.9999990238908225
0.436	0.9999996198409851
0.975	0.9999995880792588
0.976	0.9999995316428403
0.1	0.9999996621309297
0.963	0.9999994552973686
0.928	0.9999991381698357
0.119	0.9999995157753381
0.884	0.9999991787582567
0.21	0.9999993476606318
0.708	0.999999193643192
0.556	0.9999995403552825
0.334	0.9999994047241559
0.329	0.9999999193368388
0.999	0.9999994552171498
0.355	0.9999993236460595
0.334	0.9999999435914928
0.179	0.999999125802088
0.401	0.9999994997905061
0.795	0.9999996508893769
0.966	0.9999996144262766
0.842	0.9999995008748238
0.869	0.999999878175623
0.825	0.999999770704089
0.237	0.9999992886369184
0.232	0.9999992748951719
0.319	0.9999994888157597
0.261	0.9999992857959655
0.86	0.99999907160123
0.992	0.9999993442195233
0.956	0.9999997276344975
0.236	0.9999994446278515
0.0	0.9999990426077342
0.923	0.9999991534756996
0.962	0.9999991299981787
0.721	0.9999999018313607
0.336	0.999999185590525
0.91	0.9999990412595406
0.264	0.9999990928245337
0.477	0.9999990825189076
0.718	0.9999997183290853
0.959	0.9999994954753681
0.356	0.9999997932110005
0.94	0.9999992592901913
0.651	0.9999997592313331
0.947	0.9999990662744048
0.461	0.9999996045105602
0.838	0.9999993306199655
0.306	0.9999991585107523
0.972	0.9999993925507284
0.242	0.9999991516080996
0.999	0.9999990754258676
0.909	0.9999993645170732
0.387	0.9999999122235305
0.985	0.9999996442272128
0.712	0.9999993510175247
0.917	0.9999993961763611
0.532	0.9999993470267811
0.928	0.9999992804102961
0.347	0.9999993002532042
0.433	0.999999348932689
0.867	0.9999999792942033
0.271	0.999999321881235
0.316	0.9999991386085393
0.409	0.9999993742914889
0.985	0.9999990712421567
0.911	0.9999999088359321
0.763	0.999999503004179
0.978	0.9999997420012732
0.941	0.9999995164862573
0.458	0.9999998037595218
0.98	0.9999996616158191
0.985	0.9999994191091546
0.999	0.999999959072084
0.997	0.9999990321965133
0.136	0.9999991075223298
0.999	0.9999995815674767
1.0	0.9999991670199119
0.897	0.9999998229727485
0.727	0.999999188933721
0.264	0.9999996117726186
0.924	0.9999994054169773
0.213	0.9999993411889858
0.819	0.9999994648753937
0.335	0.9999994293496487
0.396	0.9999999183452623
0.366	0.9999994543604308
0.709	0.9999994175789099
0.229	0.9999994527033177
0.291	0.9999993994263479
0.196	0.9999991754267401
0.503	0.9999990014719906
0.067	0.9999990952957123
0.315	0.9999995075366664
0.339	0.9999994858950738
0.24	0.9999992635384054
0.96	0.9999994633046433
0.594	0.9999990672549147
0.979	0.9999999582246404
0.805	0.9999999309541826
0.998	0.9999998402693742
0.936	0.9999995828464099
0.967	0.999999968614328
0.141	0.9999994292845367
0.577	0.9999996195154296
0.218	0.9999990901178187
0.781	0.9999993196846214
0.203	0.9999992681608487
0.833	0.9999995766035104
0.067	0.99999917221091
0.957	0.9999997771118994
0.228	0.9999991112474771
0.785	0.9999997617419492
0.131	0.9999991734356658
0.709	0.9999993650983822
0.568	0.9999991334258187
0.571	0.9999998360427672
0.199	0.9999992594785391
0.628	0.9999992626170798
0.712	0.9999994605193823
0.465	0.999999375700771
0.805	0.9999999928452472
0.245	0.999999795713666
0.242	0.9999995855099797
0.941	0.9999995246190023
0.35	0.9999995191495644
0.204	0.9999993306978111
0.177	0.9999996600780406
0.421	0.999999388702507
0.706	0.9999992928617731
0.281	0.9999998388833494
0.318	0.9999994714363777
0.314	0.9999997339787108
0.873	0.9999995104034547
0.24	0.9999995256169313
0.833	0.9999997318048686
0.889	0.9999998759108399
0.158	0.9999990639661291
0.689	0.9999991946334569
0.351	0.9999990315121593
0.828	0.9999991287039163
0.396	0.9999998811969724
0.956	0.999999953370651
0.956	0.9999994365832131
0.551	0.9999998211048023
0.593	0.999999973909591
0.377	0.9999994556806361
0.871	0.9999992478216969
0.319	0.9999996791480142
0.959	0.9999993832165298
0.166	0.9999991254444869
0.638	0.999999880755245
0.248	0.9999993264755707
0.255	0.9999994790095426
0.817	0.9999997079334566
0.514	0.9999991744708023
0.275	0.999999759329063
0.718	0.9999997484595774
0.753	0.999999055311968
0.566	0.999999692222806
0.31	0.9999999159910511
0.187	0.9999992912144894
0.196	0.9999992685025126
0.233	0.9999997378599178
0.912	0.9999998793993043
0.534	0.999999728236411
0.447	0.9999991897168765
0.755	0.999999879466059
0.795	0.9999998268611568
0.101	0.9999991267308982
0.385	0.9999997682541035
0.308	0.9999997452737728
0.504	0.9999995722330053
0.528	0.9999998453620688
0.191	0.9999990067602371
0.982	0.9999997367703624
0.615	0.9999994336273109
0.441	0.9999999119819918
0.889	0.9999990359428824
0.196	0.9999990900619521
0.384	0.9999992036566655
0.287	0.9999996603292254
0.27	0.9999993628282055
0.208	0.9999994089346599
0.209	0.9999991994164992
0.373	0.9999998726875668
0.271	0.9999994909430984
0.841	0.9999993916960973
0.111	0.9999997258567322
0.225	0.999999602236966
0.818	0.9999999203935803
0.705	0.9999999787472256
0.376	0.9999997988860276
0.903	0.999999181838642
0.334	0.9999990016258251
0.697	0.9999995589864411
0.315	0.9999996434959303
0.696	0.9999996652608006
0.379	0.999999238718728
0.245	0.9999991905109347
0.089	0.9999993073928071
0.194	0.9999990923548234
0.319	0.9999994163959696
0.129	0.9999990147324699
0.36	0.9999997120649237
0.92	0.9999995214427027
0.349	0.9999993594903973
0.712	0.999999172891116
0.833	0.999999600912688
0.347	0.9999997302039886
0.833	0.9999992244366288
0.734	0.999999570093517
0.991	0.9999991380077569
0.391	0.9999998505825696
0.689	0.9999999694250825
0.691	0.9999997743805907
0.359	0.9999993612517909
0.91	0.99999997376343
0.788	0.9999990531782601
0.273	0.9999991869639732
0.179	0.9999993001452916
0.425	0.9999999380149401
0.197	0.9999994718674097
0.432	0.9999993746518717
0.763	0.9999993310689608
0.287	0.9999990952041499
0.402	0.9999999595335558
0.156	0.9999991166233407
0.231	0.999999261934804
0.292	0.9999998410478773
0.356	0.9999995494148242
0.634	0.9999992850801548
0.723	0.9999997132499929
0.473	0.9999990896799427
0.439	0.9999997219266662
0.237	0.9999991529554171
0.255	0.9999995940895465
0.638	0.999999674849102
0.853	0.9999990496064675
0.269	0.9999991017243528
0.757	0.9999998591602971
0.497	0.9999998681064511
0.726	0.9999995901421254
0.546	0.9999999885081521
0.65	0.9999992770966478
0.359	0.9999998185589052
0.343	0.9999992756968229
0.603	0.999999624039131
0.996	0.9999996403073188
0.999	0.9999997393053408
0.913	0.9999992000354618
0.52	0.9999999116816932
0.504	0.9999997031577262
0.247	0.9999990924120236
0.434	0.9999990145560549
0.778	0.9999992026064572
0.465	0.9999991479456434
0.471	0.9999998572952893
0.484	0.9999996101270466
0.324	0.999999333319334
0.201	0.9999990470918501
0.797	0.9999992066462163
0.993	0.9999998837179288
0.886	0.9999996291597308
0.883	0.999999615154627
0.346	0.9999995595178476
0.294	0.9999996671177266
0.684	0.9999998809891958
0.237	0.9999995257208786
0.389	0.9999990329867298
0.999	0.9999998296179142
0.984	0.9999999321924612
0.572	0.9999997059229019
0.448	0.9999997717705118
0.811	0.9999991573507357
0.974	0.9999990492373256
0.997	0.9999993152823644
0.452	0.9999994994772563
0.998	0.9999998590398171
0.341	0.9999996914222806
0.984	0.9999995657644171
0.821	0.999999905635981
0.967	0.9999994512558075
0.952	0.9999996440839097
0.507	0.9999991463865601
0.531	0.9999991594491093
0.669	0.9999993358148312
0.308	0.9999997343970383
0.738	0.9999992784043517
0.983	0.9999999241824825
0.992	0.9999995978078667
0.257	0.9999995100610289
0.895	0.9999998460603221
0.8	0.9999997353998684
0.959	0.9999994247943036
0.365	0.9999993285253691
0.956	0.9999996230617997
0.374	0.9999995017209223
0.555	0.9999990760257411
0.448	0.999999278054507
0.999	0.9999993464051273
0.999	0.9999991885740274
0.146	0.9999995151351241
0.16	0.9999992318077161
0.909	0.9999992768639948
0.989	0.9999994533972109
0.184	0.999999660546098
0.967	0.9999991222453398
0.371	0.9999999293949529
0.808	0.9999991150135633
0.502	0.9999997049223229
0.377	0.9999992155550028
0.396	0.9999998569168717
0.81	0.9999998604039753
0.148	0.9999991083073659
0.571	0.9999997644246214
0.849	0.9999997273583459
0.341	0.9999995188731698
0.983	0.9999996791651945
0.388	0.9999999223713892
0.41	0.9999994465735277
0.368	0.9999995665905753
0.589	0.9999996233634931
0.291	0.9999992139672542
0.425	0.9999997486602104
0.258	0.9999992637720998
0.38	0.9999995631951615
0.175	0.9999991726869453
0.901	0.9999995004189894
0.31	0.999999972250934
0.244	0.9999993068747033
0.712	0.9999999817385126
0.722	0.9999999481278342
0.327	0.9999997529652408
0.996	0.9999995834983736
0.258	0.9999990831138207
0.955	0.9999992725157297
0.067	0.9999993008777955
0.195	0.9999990492902042
0.829	0.9999997562279479
0.106	0.9999991117450603
0.827	0.9999996391208109
0.195	0.9999996180136286
0.591	0.999999609918756
0.057	0.9999991624303779
0.833	0.9999997646530838
0.225	0.9999995717668286
0.84	0.9999997801751067
0.62	0.9999995751453304
0.351	0.9999996144760666
0.753	0.9999999679263369
0.692	0.9999993808832747
0.249	0.9999996235793701
0.278	0.9999993044698688
0.828	0.9999995738492334
0.222	0.9999994159837952
0.665	0.9999990454435617
0.79	0.9999995821617896
0.266	0.9999999329913768
0.584	0.9999999288344543
0.314	0.9999995284231945
0.849	0.9999998302514393
0.199	0.9999991944409418
0.446	0.9999996381948352
0.322	0.9999990459237309
0.342	0.9999997594700831
0.852	0.9999990224137287
0.748	0.999999690134479
0.366	0.9999991350376549
0.131	0.999999137364666
0.452	0.9999992431023069
0.14	0.9999994413067511
0.171	0.9999997531279623
0.475	0.9999995138508693
0.733	0.9999998833185385
0.769	0.999999381399279
0.224	0.9999990495978804
0.81	0.9999999248928286
0.833	0.9999999087045249
0.897	0.9999994012182261
0.716	0.9999992458700394
0.894	0.9999999824143891
0.207	0.9999992788488672
0.287	0.9999996177372609
0.869	0.9999998293036554
0.967	0.9999995915666816
0.453	0.9999999024707728
0.979	0.999999878579978
0.367	0.9999994357027352
0.284	0.9999997757269433
0.806	0.9999996979057243
0.491	0.9999998857846797
0.854	0.9999991202794456
0.982	0.9999997351160582
0.245	0.9999992424338755
0.967	0.9999996023345381
0.813	0.9999991983805889
0.372	0.9999993166730535
0.432	0.9999994285832542
0.565	0.9999992348187182
0.392	0.9999994749732701
0.982	0.9999995308408585
0.996	0.9999991363452404
0.651	0.9999996217225212
0.415	0.9999994758365306
0.995	0.9999996151724438
0.939	0.9999991773106841
0.434	0.9999992992293807
0.431	0.9999992435997134
0.301	0.9999994151695125
0.387	0.9999996700657772
0.998	0.9999998650429957
0.149	0.9999993682144549
0.577	0.9999995295310788
0.4	0.9999995657456365
0.946	0.9999995156362402
0.73	0.9999991841420696
0.367	0.9999997499940798
0.947	0.9999992584681425
0.787	0.9999997934437831
0.273	0.9999994854805034
0.395	0.9999998152033599
0.179	0.9999990874448941
0.999	0.9999996479240975
0.763	0.9999996854572143
0.182	0.9999993935602719
0.299	0.999999065879966
0.741	0.9999998880240208
0.529	0.9999990781514048
0.991	0.9999995117539624
0.572	0.9999993563407313
0.744	0.9999999834832292
0.58	0.9999997480089878
0.453	0.9999993536916594
0.37	0.9999998531055981
0.414	0.9999999585328203
0.999	0.9999997166643542
0.242	0.9999994687932313
0.863	0.9999997290627884
0.354	0.9999998139354841
0.281	0.9999991167607545
0.369	0.9999999491346524
0.44	0.9999999580532378
0.297	0.9999995119422033
0.483	0.9999995389280851
0.249	0.9999990616740696
0.323	0.9999996331276879
0.259	0.9999990636247941
0.264	0.9999992107604242
0.274	0.9999991548016668
0.344	0.9999993669961614
0.296	0.9999996691760842
0.953	0.9999993355754058
0.304	0.9999993977253614
0.993	0.9999991830324148
0.199	0.9999991791556109
0.783	0.9999997439506174
0.234	0.9999990566908495
0.179	0.9999990835048328
0.564	0.9999993682801465
0.947	0.9999999924589158
0.595	0.9999995638095918
0.274	0.9999999162816261
0.317	0.9999996432619245
0.628	0.9999991817315507
0.779	0.99999959227307
0.222	0.9999992520793565
0.505	0.9999998423066682
0.518	0.9999990599170423
0.992	0.9999997159789468
0.334	0.9999997313832438
0.967	0.9999997262836694
0.578	0.9999994278073123
0.449	0.9999990021185734
0.809	0.9999997435115415
0.993	0.999999610204699
0.093	0.9999994683354619
0.385	0.9999990620176414
0.203	0.9999993598348832
0.898	0.9999993385346708
0.995	0.999999385854534
0.387	0.9999996685447387
0.903	0.9999991590101295
0.999	0.9999994689869741
0.806	0.999999659550198
0.137	0.9999990376457298
0.932	0.9999999541424516
0.088	0.9999990968432977
0.297	0.9999992905340407
0.238	0.999999267076449
0.916	0.9999994601165078
0.106	0.9999992254638845
0.595	0.9999996536065454
0.991	0.9999992271727423
0.869	0.9999996238984733
0.982	0.9999999685469775
0.537	0.9999999523842091
0.326	0.9999994064839526
0.286	0.9999996814506787
0.828	0.9999991558193644
0.996	0.9999998204166605
0.877	0.9999998293748581
0.52	0.9999990019461948
0.506	0.9999991062234943
0.198	0.9999993111263862
0.886	0.9999991831962072
0.348	0.9999994333082829
0.741	0.9999994313132957
0.484	0.9999993758436473
0.998	0.9999997193827121
0.232	0.9999991726690256
0.757	0.9999997364313425
0.335	0.999999941906838
0.854	0.9999993258575869
0.938	0.9999991511464825
0.918	0.9999999983903197
0.943	0.9999998717405038
0.112	0.9999994073561812
0.32	0.9999995444329718
0.161	0.9999992157583584
0.678	0.999999409020254
0.962	0.9999998558182253
0.841	0.9999992989886435
0.096	0.9999996514772392
0.791	0.9999991994827059
0.19	0.9999994447324078
0.112	0.9999994982111482
0.436	0.9999996174377007
0.241	0.9999996116283308
0.934	0.999999439334814
0.99	0.9999999837788384
0.784	0.9999992867473975
0.225	0.9999998765136556
0.795	0.9999990788255992
0.996	0.9999998944236846
0.09	0.9999994618331907
0.537	0.9999995160220044
0.696	0.9999998572615023
0.883	0.9999996877175019
0.732	0.9999995751383176
0.993	0.9999996354501899
0.564	0.9999992065580813
0.347	0.999999770026726
0.311	0.9999994540586526
0.292	0.9999999189449938
0.826	0.9999992680205032
0.217	0.9999990756067295
0.224	0.9999995429008433
0.237	0.9999995852618596
0.984	0.9999999281085131
0.72	0.999999807875821
0.398	0.9999993420241067
0.29	0.999999136519651
0.978	0.9999991896207474
0.157	0.9999990842421761
0.244	0.999999797958662
0.425	0.9999994640704728
0.079	0.99999925125544
0.358	0.9999994104015376
0.205	0.9999992581833383
0.816	0.999999763296825
0.579	0.999999376519254
0.231	0.9999997508789114
0.961	0.9999993903655063
0.04	0.9999997530910958
0.532	0.999999747193801
0.236	0.9999994596226364
0.142	0.9999991582673569
0.851	0.9999998959741687
0.197	0.99999901709684
0.027	0.9999994878033558
0.79	0.9999995451341994
0.264	0.9999996712515797
0.191	0.9999992086178796
0.282	0.9999990955338552
0.578	0.9999992202832657
0.371	0.9999994662986945
0.645	0.9999999275319174
0.302	0.9999997600394682
0.843	0.9999997557263657
0.334	0.9999993200173342
0.259	0.9999996108344105
0.354	0.999999094893067
1.0	0.9999993170612349
0.644	0.9999995776960667
0.369	0.9999996678593992
0.143	0.999999373228716
0.319	0.9999999764771357
0.857	0.9999994979561552
0.992	0.9999999267048798
0.622	0.9999996824454778
0.97	0.9999999256291758
0.761	0.9999999901551293
0.704	0.9999997559834298
0.472	0.9999998287042255
0.952	0.9999999022403492
0.989	0.9999999545738849
0.461	0.9999995961843056
0.906	0.9999998566122922
0.343	0.999999086699296
0.153	0.9999991478968577
0.136	0.9999994054402128
0.2	0.9999994528013644
0.484	0.9999995735337905
0.98	0.9999991029504065
0.333	0.9999997012445832
0.995	0.9999995616746283
0.243	0.999999277540922
0.939	0.9999993943575965
0.934	0.9999994626795188
0.28	0.9999992574249152
0.275	0.9999997954661861
0.434	0.9999994607056053
0.993	0.9999991469647648
0.62	0.999999288486364
0.182	0.9999993115329578
0.907	0.9999992690269224
0.943	0.9999994696548401
0.674	0.9999997389139363
0.06	0.9999991087288445
0.196	0.9999993388356865
0.742	0.9999993995630561
0.586	0.9999999357462305
0.498	0.9999996276634814
0.393	0.9999990306582522
0.417	0.9999990274977926
0.037	0.9999990722308651
0.63	0.9999993009273371
0.345	0.9999995479371647
0.859	0.9999995821604836
0.154	0.999999013861757
0.323	0.999999583268042
0.544	0.9999998013932937
0.357	0.9999998870599498
0.701	0.9999994075024441
0.379	0.9999996965442596
0.646	0.9999991413625421
0.755	0.9999999790487764
0.949	0.9999995234287219
0.238	0.9999996132817487
0.321	0.9999999763297724
0.356	0.999999442107717
0.892	0.9999992259547553
0.631	0.9999997138046272
0.903	0.9999994648294399
0.672	0.9999992492508396
0.334	0.9999990903730984
0.542	0.9999993692906097
0.345	0.9999997930582113
0.241	0.9999995509399018
0.288	0.999999962259797
0.475	0.9999994267301952
0.282	0.9999990320229678
0.755	0.9999999001481176
0.603	0.9999991897671603
0.479	0.9999992016600401
0.388	0.9999992057065247
0.308	0.9999998622243271
0.242	0.9999993503380582
0.276	0.9999991206635465
0.446	0.9999999957123377
0.452	0.9999998219666631
0.224	0.9999995403683296
0.987	0.9999995980239205
0.98	0.999999458018197
0.873	0.9999990708231508
0.107	0.9999991996351858
0.377	0.9999990795426222
0.061	0.9999992339265668
0.775	0.9999999338887792
0.948	0.9999990019012925
0.314	0.9999994414156526
0.995	1.0
0.801	0.99999977939049
0.286	0.999999558917489
0.138	0.9999990932069958
0.392	0.9999993207025749
0.133	0.999999242585181
0.56	0.9999995571164366
0.725	0.9999992013189849
0.478	0.9999996426654006
0.427	0.9999998915317061
0.574	0.9999994746075571
0.736	0.9999994230164874
0.586	0.9999999009569852
0.935	0.9999998639382233
0.157	0.9999992106629723
0.465	0.9999994209247801
0.275	0.9999990954069686
0.667	0.9999997122914217
0.374	0.9999998006936688
0.363	0.9999992140653243
0.262	0.9999992389977658
0.977	0.9999998087482895
0.562	0.9999998867947585
0.357	0.9999991138727756
0.996	0.9999992805313433
0.199	0.999999181764089
0.836	0.9999997672482969
0.531	0.9999995922693621
0.995	0.9999999602101685
0.471	0.9999995831912859
0.782	0.9999996579556489
0.335	0.9999999337565102
0.142	0.9999990694864306
0.56	0.999999917601114
0.789	0.999999264580826
0.41	0.9999999346135482
0.322	0.9999992554577611
0.859	0.9999999048206032
0.776	0.9999998862602433
0.501	0.9999992296811642
0.34	0.9999993353086308
0.552	0.9999999922017399
0.505	0.9999990500598461
0.732	0.9999990508347985
0.318	0.999999067712437
0.38	0.9999990848895236
0.987	0.9999991099151134
0.528	0.9999993511419545
0.995	0.9999994658282476
0.999	0.999999620359972
0.199	0.9999993346359757
0.542	0.9999992648228363
0.428	0.9999990304629509
0.35	0.9999998777714507
0.683	0.9999997565993278
0.333	0.999999815520866
0.391	0.9999997321574442
0.997	0.9999991831579396
0.782	0.9999994560951786
0.725	0.9999996340267436
0.078	0.9999991774198836
0.153	0.9999998482712187
0.414	0.9999990158491402
0.783	0.9999992014697401
0.253	0.9999991569975915
0.727	0.9999992638821964
0.595	0.9999995960729905
0.335	0.9999997951381173
0.912	0.9999996930545954
0.993	0.9999995575924141
0.28	0.9999994524608401
0.748	0.9999998814642025
0.834	0.9999997772914211
0.258	0.9999996217457777
0.376	0.9999997478639335
0.334	0.9999991743394593
0.337	0.9999992235026145
0.664	0.9999991187560845
0.979	0.9999991929627381
0.366	0.9999999568176625
0.225	0.9999994457602506
0.994	0.9999992791960409
0.386	0.9999993920549564
0.635	0.9999995503950379
0.382	0.999999517358991
0.449	0.999999922243987
0.985	0.9999997671688771
0.212	0.999999008423297
0.883	0.9999995658445148
0.127	0.9090901030712033
0.999	0.9999995870139048
0.942	0.9999992088716594
0.978	0.9999994159052126
0.368	0.9999995826535643
0.652	0.9999999368610908
0.299	0.9999995265142242
0.424	0.9999994045928678
0.994	0.9999998740148154
0.236	0.9999994312678225
0.385	0.9999991757598814
0.473	0.9999994622882
0.824	0.9999994071361448
0.207	0.9999990936192604
0.413	0.9999991327256642
0.334	0.9999998780196212
0.322	0.9999998140537751
0.713	0.999999104796464
0.235	0.9999992687885579
0.973	0.9999996491917102
0.652	0.9999999364119567
0.286	0.9999990578364734
0.373	0.9999999577272436
0.415	0.9999999534703422
0.155	0.9999993412400208
0.879	0.9999999462771101
0.328	0.9999999547055072
0.797	0.9999990745266003
0.044	0.9999993591356844
0.645	0.9999993609526092
0.868	0.9999997877241659
0.136	0.9999990635200913
0.712	0.999999884020939
0.928	0.9999992733127054
0.661	0.9999992508112208
0.904	0.9999995246706006
0.872	0.9999998503915158
0.127	0.999999342931264
0.41	0.9999998430911503
0.166	0.9999991759386733
0.262	0.9999993869921258
0.511	0.9999999026652087
0.325	0.9999991590196925
0.857	0.9999992547953902
0.961	0.9999991351098996
0.994	0.9999996470147169
0.268	0.9999993024354698
0.958	0.9999994142577884
0.946	0.9999991151819708
0.859	0.9999995775421102
0.969	0.9999993707382931
0.372	0.9999994858009961
0.357	0.9999998271714753
0.98	0.9999999437899921
0.388	0.9999999353584818
0.999	0.9999993734632493
0.362	0.9999999781777482
0.158	0.9999997589482217
0.98	0.9999992308380093
0.179	0.9999993874011993
0.972	0.9999993449974952
0.635	0.9999999665933259
0.253	0.9999994572077179
0.256	0.9999995253492525
0.312	0.9999997998690593
0.304	0.9999994881507309
0.208	0.9999991989993722
0.558	0.9999995668808079
0.253	0.9999994543890062
0.133	0.9999991902872496
0.579	0.9999994690876887
0.297	0.999999358065753
0.292	0.9999992095857588
0.915	0.9999992772765446
0.205	0.999999296716552
0.872	0.9999993330634764
0.997	0.9999997394133997
0.999	0.9999997354385524
0.805	0.9999990964252895
0.167	0.9999991443870183
0.027	0.9999990804204498
0.843	0.999999235080898
0.549	0.9999992782386178
0.946	0.9999992550158954
0.765	0.9999995521075769
0.299	0.9999993299355928
0.696	0.9999996893582873
0.499	0.9999994832359212
0.371	0.9999996905112871
0.385	0.9999998849143876
0.999	0.9999995137296952
0.81	0.9999997850237906
0.651	0.9999992417836936
0.364	0.9999994100631097
0.999	0.9999991982388089
0.381	0.9999990089945902
0.209	0.9999990330682131
0.825	0.9999993819226897
0.252	0.9999998229306808
0.601	0.9999999653691101
0.88	0.999999714718743
0.815	0.999999693080657
0.631	0.999999087521642
0.431	0.9999999131280638
0.899	0.9999999509183971
0.172	0.9999990865044687
0.362	0.9999997476018333
0.3	0.9999994884382464
0.73	0.9999996250101504
0.391	0.9999998033250143
0.691	0.9999999013306466
0.333	0.9999991726634565
0.989	0.9999990213661675
0.713	0.9999997010671757
0.166	0.999999001028409
0.409	0.9999996296944021
0.979	0.9999997473733855
0.944	0.9999997838725347
0.591	0.9999998439771869
0.318	0.9999996300382765
0.771	0.9999993671273484
0.506	0.9999994271068697
0.878	0.999999082869947
0.775	0.99999982304723
0.546	0.9999993326707215
0.238	0.9999995757922144
0.505	0.9999999887102488
0.302	0.9999993188704613
0.967	0.999999819143098
0.418	0.9999998496398699
0.584	0.999999297637649
0.341	0.999999898146009
0.474	0.9999994969448642
0.324	0.9999997970196352
0.972	0.9999999779872283
0.549	0.9999996801608635
0.502	0.9999991070351256
0.961	0.9999995060279039
0.634	0.999999665075366
0.828	0.9999992491316161
0.95	0.9999999447451702
1.0	0.9999994028854459
0.354	0.999999328539436
0.538	0.9999995634759161
0.199	0.9999990029916793
0.46	0.9999993462158036
0.946	0.9999994607304279
0.233	0.9999994543758178
0.329	0.999999577523119
0.101	0.9999990603248725
0.228	0.9999997045157191
0.156	0.9999991576297443
0.924	0.9999995948688305
0.22	0.999999541423058
0.906	0.9999993749921883
0.852	0.9999991167443655
0.611	0.9999997878781623
0.951	0.9999993178054459
0.876	0.9999997719895727
0.213	0.9999992454043061
0.141	0.9999991142821824
0.767	0.9999993483150493
0.729	0.9999995288829425
0.554	0.9999999439056191
0.3	0.9999994904411703
0.469	0.9999999030003732
0.909	0.9999994981026329
0.109	0.999999426836837
0.887	0.9999999954694232
0.476	0.999999985684678
0.156	0.9999998348794762
0.2	0.999999338228691
0.816	0.9999991901679589
0.632	0.9090906847220377
0.992	0.9999990081334634
0.196	0.9999992056041934
0.186	0.9999990907158642
0.277	0.9999997306816694
0.973	0.9999994410480528
0.645	0.9999990157870643
0.171	0.9999996388310695
0.219	0.9999994497695182
0.94	0.9999993637686962
0.084	0.9999990830363628
0.853	0.9999992181059029
0.524	0.9999996916110233
0.131	0.9999992467721077
0.317	0.9999994240145784
0.701	0.9999998804892517
0.996	0.9999996208524121
0.994	0.9999998758610451
0.161	0.9999990542921098
0.612	0.999999467402657
0.61	0.9999999643422761
0.619	0.9999997283577939
0.545	0.9999999775346061
0.539	0.9999997367127178
0.318	0.9999998407409219
0.94	0.9999998149509362
0.516	0.999999151225352
0.623	0.9999999398192939
0.364	0.9999991293542683
0.268	0.9999995627958425
0.265	0.9999993816967633
0.177	0.9999990323498501
0.269	0.9999994115516653
0.993	0.9999996328360304
0.712	0.9999999264748248
0.539	0.9999998474740006
0.944	0.9999992964458003
0.773	0.9999997879586024
0.971	0.9999995633506067
0.094	0.9999991126132524
0.924	0.9999993770733052
0.147	0.999999058470844
0.776	0.9999990233099696
0.199	0.999999148304457
0.409	0.9999991541516603
0.381	0.9999994875206643
0.466	0.9999999783941181
0.968	0.9999994522706273
0.226	0.9999990115426319
0.624	0.9999996814737909
0.413	0.9999992257568775
0.216	0.999999142225573
0.342	0.9999997308835329
0.174	0.9999992388760014
0.66	0.9999993156198588
1.0	0.9999994077161878
0.909	0.9999990924138304
0.31	0.9999998865294506
0.584	0.9999996335494763
0.353	0.9999997043128819
0.419	0.9999998248381661
0.986	0.9999998123392031
0.734	0.9999998663920998
0.287	0.9999994127068862
0.315	0.999999539158369
0.749	0.9999992519583135
0.97	0.9999998564222459
0.857	0.9999990807896411
0.456	0.9999993096950027
0.43	0.9999998599104001
0.252	0.999999079694398
0.922	0.9999991685460704
0.327	0.9999992501228208
0.809	0.9999997757417155
0.677	0.9999993722850438
0.456	0.9999994235977683
0.995	0.9999997731400172
0.255	0.9999995818810703
0.624	0.9999990720630197
0.293	0.99999962949226
0.283	0.9999992194755295
0.233	0.9999995422854797
0.976	0.9999994438069851
0.998	0.9999994893426524
0.304	0.9999991952482765
0.469	0.9999996095680959
0.151	0.9999991119551722
0.206	0.9999998341786502
0.039	0.9999992662778464
0.458	0.9999996931929473
0.967	0.9999992379453253
0.957	0.9999991783809699
0.691	0.9999996237474176
0.99	0.9999995924545454
0.731	0.9999993480692565
0.311	0.9999998838193215
0.306	0.9999999577058116
0.929	0.9999998153412581
0.066	0.9999990429437776
0.991	0.9999998398410395
0.063	0.99999905320732
0.135	0.9999992280171607
0.142	0.9999993011563326
0.429	0.9999996179882629
0.405	0.999999558458261
0.83	0.999999109533279
0.423	0.9999997273372443
0.089	0.9999995183568213
0.345	0.9999999651712667
0.999	0.999999722523008
0.962	0.9999998888500234
0.377	0.999999788749145
0.781	0.9999990883762243
0.431	0.999999953008203
0.559	0.9999998354933075
0.27	0.9999995682890377
0.063	0.9999992362772884
0.471	0.9999999210791207
0.877	0.9999990030507053
0.625	0.9999997839203356
0.931	0.9999998203127198
0.993	0.9999997190991664
0.877	0.9999999642169756
0.263	0.9999993112263024
0.363	0.9999993713811441
0.999	0.999999595210525
0.514	0.9999999093859779
0.828	0.9999992002523013
0.567	0.9999998002809616
0.461	0.9999999673045491
0.935	0.9999993149575175
0.593	0.99999966253675
0.307	0.999999268732899
0.994	0.9999996262524934
0.106	0.9999999882946952
0.673	0.9999998173007523
0.909	0.9999992219069707
0.366	0.9999993670709457
0.875	0.9999995661409186
0.372	0.9999999027596572
0.29	0.9999999742207479
0.601	0.9999990728389606
0.478	0.9999995872458465
0.227	0.9999997727806877
0.346	0.9999997372258274
0.982	0.9999999685544579
0.31	0.9999994601678273
0.374	0.9999990196124318
0.471	0.9999991317265243
0.854	0.9999993607626021
0.938	0.9999990036398174
0.473	0.9999999901726142
0.153	0.9999990358516582
0.351	0.9999996836548121
0.454	0.9999997495980506
0.262	0.9999992963952821
0.09	0.9999990866114624
0.916	0.9999990834963383
0.38	0.999999867914869
0.195	0.9999991593741105
0.38	0.9999992745437237
0.212	0.999999090589908
0.309	0.9999993970625748
0.417	0.9999990725816913
0.868	0.9999998493781036
0.961	0.9999991516478917
0.443	0.9999994463958661
0.703	0.9999998211664727
0.084	0.9999991892145305
0.255	0.999999925302899
0.183	0.9999991734264292
0.941	0.999999852362955
0.905	0.9999993765280952
0.584	0.9999992796376569
0.743	0.9999996334058482
0.423	0.9999993562911516
0.108	0.9999999713965501
0.293	0.9999998729811935
0.002	0.9999990487400958
0.256	0.9999991869426383
0.489	0.9999998756481837
0.222	0.9999990478748674
0.654	0.9999996521869037
0.84	0.999999929899951
0.636	0.9999992412114684
0.486	0.9999995229603517
0.223	0.9999990205061839
0.191	0.9999990063470955
0.17	0.9999990917656391
0.87	0.9999990287155789
0.935	0.9999997341480382
0.876	0.9999996921790024
0.792	0.9999996988598285
0.994	0.9999996003052241
0.929	0.999999273794753
0.241	0.999999326548628
0.865	0.9999997819882691
0.962	0.9999997144845136
0.674	0.9999992959796845
0.977	0.9999997859108541
0.461	0.9999992866790677
0.411	0.9999998373439638
0.459	0.9999998177379057
0.6	0.9999995076711805
0.378	0.9999998354786543
0.744	0.9999992358419343
0.233	0.9999993841610171
0.732	0.9999999617692268
0.964	0.9999999437826365
0.391	0.999999098436187
0.905	0.9999999929354659
0.345	0.9999994890638361
0.447	0.9999997457758284
0.203	0.9999991087719475
0.306	0.9999994063963523
0.975	0.9999998521191696
0.636	0.9999992853290857
0.435	0.9999996212552383
0.319	0.9999994943016208
0.415	0.9999996770237
0.667	0.9999993925093001
0.299	0.9999994984827025
0.24	0.9999994195064559
0.989	0.9999992041073361
0.37	0.999999788435406
0.677	0.9999994878736456
0.381	0.9999998038844713
0.312	0.9999994109499705
0.678	0.999999339529502
0.331	0.9999997384920467
0.999	0.9999994933098327
0.294	0.9999996228224215
0.743	0.9999993167836586
0.338	0.9999996889200652
