0	893	1
1	161	1
2	264	1
3	877	1
4	61	1
5	853	1
6	998	1
7	992	1
8	758	1
9	250	1
10	378	1
11	935	1
12	177	1
13	637	1
14	151	1
15	923	1
16	915	1
17	403	1
18	650	1
19	299	1
20	702	1
21	771	1
22	310	1
23	467	1
24	470	1
25	994	1
26	894	1
27	982	1
28	999	1
29	504	1
30	264	1
31	277	1
32	979	1
33	352	1
34	496	1
35	949	1
36	609	1
37	298	1
38	812	1
39	802	1
40	997	1
41	463	1
42	392	1
43	428	1
44	707	1
45	872	1
46	604	1
47	814	1
48	936	1
49	215	1
50	845	1
51	329	1
52	584	1
53	885	1
54	307	1
55	765	1
56	890	1
57	974	1
58	534	1
59	859	1
60	303	1
61	552	1
62	774	1
63	984	1
64	704	1
65	323	1
66	999	1
67	2	1
68	158	1
69	972	1
70	369	1
71	703	1
72	440	1
73	974	1
74	690	1
75	246	1
76	216	1
77	405	1
78	999	1
79	765	1
80	280	1
81	803	1
82	986	1
83	543	1
84	466	1
85	600	1
86	474	1
87	843	1
88	307	1
89	390	1
90	385	1
91	817	1
92	203	1
93	152	1
94	467	1
95	793	1
96	868	1
97	367	1
98	957	1
99	998	1
100	170	1
101	430	1
102	360	1
103	763	1
104	393	1
105	703	1
106	310	1
107	748	1
108	360	1
109	957	1
110	44	1
111	887	1
112	336	1
113	463	1
114	538	1
115	535	1
116	149	1
117	922	1
118	388	1
119	683	1
120	787	1
121	196	1
122	191	1
123	413	1
124	574	1
125	203	1
126	885	1
127	335	1
128	416	1
129	677	1
130	343	1
131	937	1
132	378	1
133	501	1
134	429	1
135	541	1
136	817	1
137	400	1
138	983	1
139	365	1
140	550	1
141	202	1
142	493	1
143	336	1
144	864	1
145	802	1
146	975	1
147	343	1
148	932	1
149	924	1
150	558	1
151	469	1
152	875	1
153	998	1
154	266	1
155	148	1
156	716	1
157	873	1
158	264	1
159	396	1
160	642	1
161	478	1
162	573	1
163	251	1
164	799	1
165	797	1
166	482	1
167	520	1
168	432	1
169	307	1
170	896	1
171	996	1
172	296	1
173	199	1
174	907	1
175	543	1
176	599	1
177	399	1
178	195	1
179	985	1
180	938	1
181	941	1
182	805	1
183	960	1
184	434	1
185	209	1
186	853	1
187	384	1
188	967	1
189	555	1
190	608	1
191	998	1
192	733	1
193	508	1
194	999	1
195	800	1
196	860	1
197	360	1
198	317	1
199	589	1
200	414	1
201	896	1
202	402	1
203	770	1
204	587	1
205	977	1
206	744	1
207	179	1
208	981	1
209	199	1
210	976	1
211	904	1
212	107	1
213	890	1
214	318	1
215	526	1
216	205	1
217	297	1
218	340	1
219	991	1
220	825	1
221	792	1
222	292	1
223	101	1
224	460	1
225	377	1
226	992	1
227	803	1
228	311	1
229	406	1
230	660	1
231	771	1
232	942	1
233	121	1
234	140	1
235	902	1
236	516	1
237	250	1
238	137	1
239	497	1
240	140	1
241	72	1
242	878	1
243	887	1
244	282	1
245	382	1
246	236	1
247	477	1
248	430	1
249	897	1
250	992	1
251	874	1
252	781	1
253	328	1
254	251	1
255	263	1
256	452	1
257	235	1
258	541	1
259	152	1
260	853	1
261	185	1
262	897	1
263	777	1
264	215	1
265	343	1
266	266	1
267	999	1
268	828	1
269	313	1
270	636	1
271	583	1
272	481	1
273	915	1
274	328	1
275	496	1
276	514	1
277	893	1
278	265	1
279	802	1
280	304	1
281	315	1
282	277	1
283	798	1
284	158	1
285	101	1
286	885	1
287	285	1
288	221	1
289	375	1
290	164	1
291	400	1
292	329	1
293	693	1
294	931	1
295	183	1
296	278	1
297	243	1
298	265	1
299	298	1
300	386	1
301	507	1
302	985	1
303	231	1
304	478	1
305	410	1
306	755	1
307	588	1
308	301	1
309	875	1
310	883	1
311	803	1
312	275	1
313	767	1
314	476	1
315	553	1
316	928	1
317	400	1
318	824	1
319	341	1
320	224	1
321	456	1
322	400	1
323	940	1
324	153	1
325	815	1
326	269	1
327	245	1
328	749	1
329	548	1
330	784	1
331	231	1
332	245	1
333	987	1
334	993	1
335	354	1
336	772	1
337	809	1
338	287	1
339	764	1
340	345	1
341	843	1
342	947	1
343	441	1
344	482	1
345	195	1
346	996	1
347	320	1
348	232	1
349	984	1
350	960	1
351	664	1
352	1000	1
353	899	1
354	764	1
355	776	1
356	465	1
357	432	1
358	352	1
359	606	1
360	251	1
361	679	1
362	961	1
363	227	1
364	523	1
365	982	1
366	990	1
367	769	1
368	465	1
369	592	1
370	473	1
371	246	1
372	948	1
373	824	1
374	477	1
375	477	1
376	340	1
377	537	1
378	233	1
379	263	1
380	828	1
381	822	1
382	237	1
383	326	1
384	183	1
385	796	1
386	385	1
387	390	1
388	990	1
389	987	1
390	975	1
391	842	1
392	215	1
393	823	1
394	143	1
395	997	1
396	713	1
397	991	1
398	952	1
399	681	1
400	209	1
401	92	1
402	357	1
403	61	1
404	626	1
405	995	1
406	999	1
407	738	1
408	298	1
409	622	1
410	496	1
411	171	1
412	853	1
413	403	1
414	664	1
415	260	1
416	756	1
417	972	1
418	668	1
419	515	1
420	773	1
421	645	1
422	683	1
423	57	1
424	175	1
425	191	1
426	959	1
427	423	1
428	464	1
429	179	1
430	239	1
431	713	1
432	303	1
433	253	1
434	947	1
435	309	1
436	711	1
437	130	1
438	954	1
439	999	1
440	389	1
441	623	1
442	398	1
443	974	1
444	444	1
445	313	1
446	251	1
447	487	1
448	566	1
449	356	1
450	683	1
451	1000	1
452	93	1
453	425	1
454	653	1
455	746	1
456	330	1
457	65	1
458	596	1
459	870	1
460	776	1
461	339	1
462	407	1
463	393	1
464	933	1
465	238	1
466	321	1
467	834	1
468	592	1
469	234	1
470	126	1
471	391	1
472	265	1
473	906	1
474	952	1
475	67	1
476	601	1
477	361	1
478	230	1
479	524	1
480	314	1
481	158	1
482	163	1
483	634	1
484	295	1
485	404	1
486	269	1
487	981	1
488	774	1
489	991	1
490	117	1
491	166	1
492	908	1
493	112	1
494	763	1
495	571	1
496	991	1
497	644	1
498	457	1
499	945	1
500	726	1
501	368	1
502	999	1
503	774	1
504	628	1
505	410	1
506	394	1
507	980	1
508	496	1
509	466	1
510	345	1
511	952	1
512	762	1
513	15	1
514	232	1
515	323	1
516	759	1
517	112	1
518	601	1
519	808	1
520	384	1
521	141	1
522	822	1
523	216	1
524	181	1
525	652	1
526	580	1
527	354	1
528	804	1
529	440	1
530	315	1
531	309	1
532	478	1
533	137	1
534	873	1
535	738	1
536	818	1
537	468	1
538	544	1
539	544	1
540	937	1
541	367	1
542	926	1
543	792	1
544	506	1
545	353	1
546	933	1
547	56	1
548	402	1
549	698	1
550	323	1
551	355	1
552	909	1
553	548	1
554	242	1
555	416	1
556	598	1
557	241	1
558	833	1
559	168	1
560	866	1
561	498	1
562	512	1
563	994	1
564	510	1
565	589	1
566	982	1
567	692	1
568	116	1
569	495	1
570	423	1
571	998	1
572	3	1
573	542	1
574	517	1
575	952	1
576	386	1
577	940	1
578	188	1
579	758	1
580	295	1
581	654	1
582	536	1
583	720	1
584	274	1
585	795	1
586	214	1
587	696	1
588	744	1
589	542	1
590	300	1
591	995	1
592	782	1
593	621	1
594	134	1
595	735	1
596	436	1
597	228	1
598	755	1
599	202	1
600	999	1
601	834	1
602	189	1
603	819	1
604	887	1
605	987	1
606	381	1
607	64	1
608	994	1
609	193	1
610	321	1
611	613	1
612	325	1
613	487	1
614	300	1
615	294	1
616	877	1
617	484	1
618	984	1
619	392	1
620	632	1
621	879	1
622	281	1
623	862	1
624	441	1
625	562	1
626	968	1
627	927	1
628	845	1
629	977	1
630	675	1
631	149	1
632	797	1
633	132	1
634	990	1
635	316	1
636	119	1
637	131	1
638	436	1
639	975	1
640	976	1
641	100	1
642	963	1
643	928	1
644	119	1
645	884	1
646	210	1
647	708	1
648	556	1
649	334	1
650	329	1
651	999	1
652	355	1
653	334	1
654	179	1
655	401	1
656	795	1
657	966	1
658	842	1
659	869	1
660	825	1
661	237	1
662	232	1
663	319	1
664	261	1
665	860	1
666	992	1
667	956	1
668	236	1
669	0	1
670	923	1
671	962	1
672	721	1
673	336	1
674	910	1
675	264	1
676	477	1
677	718	1
678	959	1
679	356	1
680	940	1
681	651	1
682	947	1
683	461	1
684	838	1
685	306	1
686	972	1
687	242	1
688	999	1
689	909	1
690	387	1
691	985	1
692	712	1
693	917	1
694	532	1
695	928	1
696	347	1
697	433	1
698	867	1
699	271	1
700	316	1
701	409	1
702	985	1
703	911	1
704	763	1
705	978	1
706	941	1
707	458	1
708	980	1
709	985	1
710	999	1
711	997	1
712	136	1
713	999	1
714	1000	1
715	897	1
716	727	1
717	264	1
718	924	1
719	213	1
720	819	1
721	335	1
722	396	1
723	366	1
724	709	1
725	229	1
726	291	1
727	196	1
728	503	1
729	67	1
730	315	1
731	339	1
732	240	1
733	960	1
734	594	1
735	979	1
736	805	1
737	998	1
738	936	1
739	967	1
740	141	1
741	577	1
742	218	1
743	781	1
744	203	1
745	833	1
746	67	1
747	957	1
748	228	1
749	785	1
750	131	1
751	709	1
752	568	1
753	571	1
754	199	1
755	628	1
756	712	1
757	465	1
758	805	1
759	245	1
760	242	1
761	941	1
762	350	1
763	204	1
764	177	1
765	421	1
766	706	1
767	281	1
768	318	1
769	314	1
770	873	1
771	240	1
772	833	1
773	889	1
774	158	1
775	689	1
776	351	1
777	828	1
778	396	1
779	956	1
780	956	1
781	551	1
782	593	1
783	377	1
784	871	1
785	319	1
786	959	1
787	166	1
788	638	1
789	248	1
790	255	1
791	817	1
792	514	1
793	275	1
794	718	1
795	753	1
796	566	1
797	310	1
798	187	1
799	196	1
800	233	1
801	912	1
802	534	1
803	447	1
804	755	1
805	795	1
806	101	1
807	385	1
808	308	1
809	504	1
810	528	1
811	191	1
812	982	1
813	615	1
814	441	1
815	889	1
816	196	1
817	384	1
818	287	1
819	270	1
820	208	1
821	209	1
822	373	1
823	271	1
824	841	1
825	111	1
826	225	1
827	818	1
828	705	1
829	376	1
830	903	1
831	334	1
832	697	1
833	315	1
834	696	1
835	379	1
836	245	1
837	89	1
838	194	1
839	319	1
840	129	1
841	360	1
842	920	1
843	349	1
844	712	1
845	833	1
846	347	1
847	833	1
848	734	1
849	991	1
850	391	1
851	689	1
852	691	1
853	359	1
854	910	1
855	788	1
856	273	1
857	179	1
858	425	1
859	197	1
860	432	1
861	763	1
862	287	1
863	402	1
864	156	1
865	231	1
866	292	1
867	356	1
868	634	1
869	723	1
870	473	1
871	439	1
872	237	1
873	255	1
874	638	1
875	853	1
876	269	1
877	757	1
878	497	1
879	726	1
880	546	1
881	650	1
882	359	1
883	343	1
884	603	1
885	996	1
886	999	1
887	913	1
888	520	1
889	504	1
890	247	1
891	434	1
892	778	1
893	465	1
894	471	1
895	484	1
896	324	1
897	201	1
898	797	1
899	993	1
900	886	1
901	883	1
902	346	1
903	294	1
904	684	1
905	237	1
906	389	1
907	999	1
908	984	1
909	572	1
910	448	1
911	811	1
912	974	1
913	997	1
914	452	1
915	998	1
916	341	1
917	984	1
918	821	1
919	967	1
920	952	1
921	507	1
922	531	1
923	669	1
924	308	1
925	738	1
926	983	1
927	992	1
928	257	1
929	895	1
930	800	1
931	959	1
932	365	1
933	956	1
934	374	1
935	555	1
936	448	1
937	999	1
938	999	1
939	146	1
940	160	1
941	909	1
942	989	1
943	184	1
944	967	1
945	371	1
946	808	1
947	502	1
948	377	1
949	396	1
950	810	1
951	148	1
952	571	1
953	849	1
954	341	1
955	983	1
956	388	1
957	410	1
958	368	1
959	589	1
960	291	1
961	425	1
962	258	1
963	380	1
964	175	1
965	901	1
966	310	1
967	244	1
968	712	1
969	722	1
970	327	1
971	996	1
972	258	1
973	955	1
974	67	1
975	195	1
976	829	1
977	106	1
978	827	1
979	195	1
980	591	1
981	57	1
982	833	1
983	225	1
984	840	1
985	620	1
986	351	1
987	753	1
988	692	1
989	249	1
990	278	1
991	828	1
992	222	1
993	665	1
994	790	1
995	266	1
996	584	1
997	314	1
998	849	1
999	199	1
1000	446	1
1001	322	1
1002	342	1
1003	852	1
1004	748	1
1005	366	1
1006	131	1
1007	452	1
1008	140	1
1009	171	1
1010	475	1
1011	733	1
1012	769	1
1013	224	1
1014	810	1
1015	833	1
1016	897	1
1017	716	1
1018	894	1
1019	207	1
1020	287	1
1021	869	1
1022	967	1
1023	453	1
1024	979	1
1025	367	1
1026	284	1
1027	806	1
1028	491	1
1029	854	1
1030	982	1
1031	245	1
1032	967	1
1033	813	1
1034	372	1
1035	432	1
1036	565	1
1037	392	1
1038	982	1
1039	996	1
1040	651	1
1041	415	1
1042	995	1
1043	939	1
1044	434	1
1045	431	1
1046	301	1
1047	387	1
1048	998	1
1049	149	1
1050	577	1
1051	400	1
1052	946	1
1053	730	1
1054	367	1
1055	947	1
1056	787	1
1057	273	1
1058	395	1
1059	179	1
1060	999	1
1061	763	1
1062	182	1
1063	299	1
1064	741	1
1065	529	1
1066	991	1
1067	572	1
1068	744	1
1069	580	1
1070	453	1
1071	370	1
1072	414	1
1073	999	1
1074	242	1
1075	863	1
1076	354	1
1077	281	1
1078	369	1
1079	440	1
1080	297	1
1081	483	1
1082	249	1
1083	323	1
1084	259	1
1085	264	1
1086	274	1
1087	344	1
1088	296	1
1089	953	1
1090	304	1
1091	993	1
1092	199	1
1093	783	1
1094	234	1
1095	179	1
1096	564	1
1097	947	1
1098	595	1
1099	274	1
1100	317	1
1101	628	1
1102	779	1
1103	222	1
1104	505	1
1105	518	1
1106	992	1
1107	334	1
1108	967	1
1109	578	1
1110	449	1
1111	809	1
1112	993	1
1113	93	1
1114	385	1
1115	203	1
1116	898	1
1117	995	1
1118	387	1
1119	903	1
1120	999	1
1121	806	1
1122	137	1
1123	932	1
1124	88	1
1125	297	1
1126	238	1
1127	916	1
1128	106	1
1129	595	1
1130	991	1
1131	869	1
1132	982	1
1133	537	1
1134	326	1
1135	286	1
1136	828	1
1137	996	1
1138	877	1
1139	520	1
1140	506	1
1141	198	1
1142	886	1
1143	348	1
1144	741	1
1145	484	1
1146	998	1
1147	232	1
1148	757	1
1149	335	1
1150	854	1
1151	938	1
1152	918	1
1153	943	1
1154	112	1
1155	320	1
1156	161	1
1157	678	1
1158	962	1
1159	841	1
1160	96	1
1161	791	1
1162	190	1
1163	112	1
1164	436	1
1165	241	1
1166	934	1
1167	990	1
1168	784	1
1169	225	1
1170	795	1
1171	996	1
1172	90	1
1173	537	1
1174	696	1
1175	883	1
1176	732	1
1177	993	1
1178	564	1
1179	347	1
1180	311	1
1181	292	1
1182	826	1
1183	217	1
1184	224	1
1185	237	1
1186	984	1
1187	720	1
1188	398	1
1189	290	1
1190	978	1
1191	157	1
1192	244	1
1193	425	1
1194	79	1
1195	358	1
1196	205	1
1197	816	1
1198	579	1
1199	231	1
1200	961	1
1201	40	1
1202	532	1
1203	236	1
1204	142	1
1205	851	1
1206	197	1
1207	27	1
1208	790	1
1209	264	1
1210	191	1
1211	282	1
1212	578	1
1213	371	1
1214	645	1
1215	302	1
1216	843	1
1217	334	1
1218	259	1
1219	354	1
1220	1000	1
1221	644	1
1222	369	1
1223	143	1
1224	319	1
1225	857	1
1226	992	1
1227	622	1
1228	970	1
1229	761	1
1230	704	1
1231	472	1
1232	952	1
1233	989	1
1234	461	1
1235	906	1
1236	343	1
1237	153	1
1238	136	1
1239	200	1
1240	484	1
1241	980	1
1242	333	1
1243	995	1
1244	243	1
1245	939	1
1246	934	1
1247	280	1
1248	275	1
1249	434	1
1250	993	1
1251	620	1
1252	182	1
1253	907	1
1254	943	1
1255	674	1
1256	60	1
1257	196	1
1258	742	1
1259	586	1
1260	498	1
1261	393	1
1262	417	1
1263	37	1
1264	630	1
1265	345	1
1266	859	1
1267	154	1
1268	323	1
1269	544	1
1270	357	1
1271	701	1
1272	379	1
1273	646	1
1274	755	1
1275	949	1
1276	238	1
1277	321	1
1278	356	1
1279	892	1
1280	631	1
1281	903	1
1282	672	1
1283	334	1
1284	542	1
1285	345	1
1286	241	1
1287	288	1
1288	475	1
1289	282	1
1290	755	1
1291	603	1
1292	479	1
1293	388	1
1294	308	1
1295	242	1
1296	276	1
1297	446	1
1298	452	1
1299	224	1
1300	987	1
1301	980	1
1302	873	1
1303	107	1
1304	377	1
1305	61	1
1306	775	1
1307	948	1
1308	314	1
1309	995	1
1310	801	1
1311	286	1
1312	138	1
1313	392	1
1314	133	1
1315	560	1
1316	725	1
1317	478	1
1318	427	1
1319	574	1
1320	736	1
1321	586	1
1322	935	1
1323	157	1
1324	465	1
1325	275	1
1326	667	1
1327	374	1
1328	363	1
1329	262	1
1330	977	1
1331	562	1
1332	357	1
1333	996	1
1334	199	1
1335	836	1
1336	531	1
1337	995	1
1338	471	1
1339	782	1
1340	335	1
1341	142	1
1342	560	1
1343	789	1
1344	410	1
1345	322	1
1346	859	1
1347	776	1
1348	501	1
1349	340	1
1350	552	1
1351	505	1
1352	732	1
1353	318	1
1354	380	1
1355	987	1
1356	528	1
1357	995	1
1358	999	1
1359	199	1
1360	542	1
1361	428	1
1362	350	1
1363	683	1
1364	333	1
1365	391	1
1366	997	1
1367	782	1
1368	725	1
1369	78	1
1370	153	1
1371	414	1
1372	783	1
1373	253	1
1374	727	1
1375	595	1
1376	335	1
1377	912	1
1378	993	1
1379	280	1
1380	748	1
1381	834	1
1382	258	1
1383	376	1
1384	334	1
1385	337	1
1386	664	1
1387	979	1
1388	366	1
1389	225	1
1390	994	1
1391	386	1
1392	635	1
1393	382	1
1394	449	1
1395	985	1
1396	212	1
1397	883	1
1398	127	1
1399	999	1
1400	942	1
1401	978	1
1402	368	1
1403	652	1
1404	299	1
1405	424	1
1406	994	1
1407	236	1
1408	385	1
1409	473	1
1410	824	1
1411	207	1
1412	413	1
1413	334	1
1414	322	1
1415	713	1
1416	235	1
1417	973	1
1418	652	1
1419	286	1
1420	373	1
1421	415	1
1422	155	1
1423	879	1
1424	328	1
1425	797	1
1426	44	1
1427	645	1
1428	868	1
1429	136	1
1430	712	1
1431	928	1
1432	661	1
1433	904	1
1434	872	1
1435	127	1
1436	410	1
1437	166	1
1438	262	1
1439	511	1
1440	325	1
1441	857	1
1442	961	1
1443	994	1
1444	268	1
1445	958	1
1446	946	1
1447	859	1
1448	969	1
1449	372	1
1450	357	1
1451	980	1
1452	388	1
1453	999	1
1454	362	1
1455	158	1
1456	980	1
1457	179	1
1458	972	1
1459	635	1
1460	253	1
1461	256	1
1462	312	1
1463	304	1
1464	208	1
1465	558	1
1466	253	1
1467	133	1
1468	579	1
1469	297	1
1470	292	1
1471	915	1
1472	205	1
1473	872	1
1474	997	1
1475	999	1
1476	805	1
1477	167	1
1478	27	1
1479	843	1
1480	549	1
1481	946	1
1482	765	1
1483	299	1
1484	696	1
1485	499	1
1486	371	1
1487	385	1
1488	999	1
1489	810	1
1490	651	1
1491	364	1
1492	999	1
1493	381	1
1494	209	1
1495	825	1
1496	252	1
1497	601	1
1498	880	1
1499	815	1
1500	631	1
1501	431	1
1502	899	1
1503	172	1
1504	362	1
1505	300	1
1506	730	1
1507	391	1
1508	691	1
1509	333	1
1510	989	1
1511	713	1
1512	166	1
1513	409	1
1514	979	1
1515	944	1
1516	591	1
1517	318	1
1518	771	1
1519	506	1
1520	878	1
1521	775	1
1522	546	1
1523	238	1
1524	505	1
1525	302	1
1526	967	1
1527	418	1
1528	584	1
1529	341	1
1530	474	1
1531	324	1
1532	972	1
1533	549	1
1534	502	1
1535	961	1
1536	634	1
1537	828	1
1538	950	1
1539	1000	1
1540	354	1
1541	538	1
1542	199	1
1543	460	1
1544	946	1
1545	233	1
1546	329	1
1547	101	1
1548	228	1
1549	156	1
1550	924	1
1551	220	1
1552	906	1
1553	852	1
1554	611	1
1555	951	1
1556	876	1
1557	213	1
1558	141	1
1559	767	1
1560	729	1
1561	554	1
1562	300	1
1563	469	1
1564	909	1
1565	109	1
1566	887	1
1567	476	1
1568	156	1
1569	200	1
1570	816	1
1571	632	1
1572	992	1
1573	196	1
1574	186	1
1575	277	1
1576	973	1
1577	645	1
1578	171	1
1579	219	1
1580	940	1
1581	84	1
1582	853	1
1583	524	1
1584	131	1
1585	317	1
1586	701	1
1587	996	1
1588	994	1
1589	161	1
1590	612	1
1591	610	1
1592	619	1
1593	545	1
1594	539	1
1595	318	1
1596	940	1
1597	516	1
1598	623	1
1599	364	1
1600	268	1
1601	265	1
1602	177	1
1603	269	1
1604	993	1
1605	712	1
1606	539	1
1607	944	1
1608	773	1
1609	971	1
1610	94	1
1611	924	1
1612	147	1
1613	776	1
1614	199	1
1615	409	1
1616	381	1
1617	466	1
1618	968	1
1619	226	1
1620	624	1
1621	413	1
1622	216	1
1623	342	1
1624	174	1
1625	660	1
1626	1000	1
1627	909	1
1628	310	1
1629	584	1
1630	353	1
1631	419	1
1632	986	1
1633	734	1
1634	287	1
1635	315	1
1636	749	1
1637	970	1
1638	857	1
1639	456	1
1640	430	1
1641	252	1
1642	922	1
1643	327	1
1644	809	1
1645	677	1
1646	456	1
1647	995	1
1648	255	1
1649	624	1
1650	293	1
1651	283	1
1652	233	1
1653	976	1
1654	998	1
1655	304	1
1656	469	1
1657	151	1
1658	206	1
1659	39	1
1660	458	1
1661	967	1
1662	957	1
1663	691	1
1664	990	1
1665	731	1
1666	311	1
1667	306	1
1668	929	1
1669	66	1
1670	991	1
1671	63	1
1672	135	1
1673	142	1
1674	429	1
1675	405	1
1676	830	1
1677	423	1
1678	89	1
1679	345	1
1680	999	1
1681	962	1
1682	377	1
1683	781	1
1684	431	1
1685	559	1
1686	270	1
1687	63	1
1688	471	1
1689	877	1
1690	625	1
1691	931	1
1692	993	1
1693	877	1
1694	263	1
1695	363	1
1696	999	1
1697	514	1
1698	828	1
1699	567	1
1700	461	1
1701	935	1
1702	593	1
1703	307	1
1704	994	1
1705	106	1
1706	673	1
1707	909	1
1708	366	1
1709	875	1
1710	372	1
1711	290	1
1712	601	1
1713	478	1
1714	227	1
1715	346	1
1716	982	1
1717	310	1
1718	374	1
1719	471	1
1720	854	1
1721	938	1
1722	473	1
1723	153	1
1724	351	1
1725	454	1
1726	262	1
1727	90	1
1728	916	1
1729	380	1
1730	195	1
1731	380	1
1732	212	1
1733	309	1
1734	417	1
1735	868	1
1736	961	1
1737	443	1
1738	703	1
1739	84	1
1740	255	1
1741	183	1
1742	941	1
1743	905	1
1744	584	1
1745	743	1
1746	423	1
1747	108	1
1748	293	1
1749	2	1
1750	256	1
1751	489	1
1752	222	1
1753	654	1
1754	840	1
1755	636	1
1756	486	1
1757	223	1
1758	191	1
1759	170	1
1760	870	1
1761	935	1
1762	876	1
1763	792	1
1764	994	1
1765	929	1
1766	241	1
1767	865	1
1768	962	1
1769	674	1
1770	977	1
1771	461	1
1772	411	1
1773	459	1
1774	600	1
1775	378	1
1776	744	1
1777	233	1
1778	732	1
1779	964	1
1780	391	1
1781	905	1
1782	345	1
1783	447	1
1784	203	1
1785	306	1
1786	975	1
1787	636	1
1788	435	1
1789	319	1
1790	415	1
1791	667	1
1792	299	1
1793	240	1
1794	989	1
1795	370	1
1796	677	1
1797	381	1
1798	312	1
1799	678	1
1800	331	1
1801	999	1
1802	294	1
1803	743	1
1804	338	1
