0.0
0.0
0.0
0.0
0.0
0.0
0.0
0.0
0.0
0.0
0.0
0.0
0.0
0.0
0.0
0.0
0.0
0.0
0.0
0.0
0.0
0.0
0.0
0.0
0.0
0.0
0.0
0.0
0.0
0.0
0.0
0.0
0.0
0.0
0.0
0.0
0.0
0.0
0.0
0.0
0.0
0.0
0.0
0.0
0.0
0.0
0.0
0.0
0.0
0.0
0.0
0.0
0.0
0.0
0.0
0.0
0.0
0.0
0.0
2.0E-6
2.0E-6
2.0E-6
2.0E-6
2.0E-6
2.0E-6
2.0E-6
2.0E-6
2.0E-6
2.0E-6
2.0E-6
2.0E-6
2.0E-6
2.0E-6
2.0E-6
2.0E-6
2.0E-6
2.0E-6
2.0E-6
2.0E-6
2.0E-6
2.0E-6
2.0E-6
2.0E-6
2.0E-6
2.0E-6
2.0E-6
2.0E-6
2.0E-6
2.0E-6
2.0E-6
2.0E-6
2.0E-6
2.0E-6
2.0E-6
2.0E-6
2.0E-6
2.0E-6
2.0E-6
2.0E-6
2.0E-6
2.0E-6
2.0E-6
2.0E-6
2.0E-6
2.0E-6
2.0E-6
2.0E-6
2.0E-6
2.0E-6
2.0E-6
2.0E-6
2.0E-6
2.0E-6
2.0E-6
2.0E-6
2.0E-6
2.0E-6
2.0E-6
2.0E-6
2.0E-6
2.0E-6
2.0E-6
2.0E-6
2.0E-6
2.0E-6
2.0E-6
2.0E-6
2.0E-6
2.0E-6
2.0E-6
2.0E-6
2.0E-6
2.0E-6
2.0E-6
2.0E-6
2.0E-6
4.0E-6
4.0E-6
4.0E-6
4.0E-6
4.0E-6
4.0E-6
4.0E-6
4.0E-6
4.0E-6
4.0E-6
4.0E-6
4.0E-6
4.0E-6
4.0E-6
4.0E-6
4.0E-6
4.0E-6
4.0E-6
4.0E-6
4.0E-6
4.0E-6
4.0E-6
4.0E-6
4.0E-6
4.0E-6
4.0E-6
4.0E-6
4.0E-6
4.0E-6
4.0E-6
4.0E-6
4.0E-6
4.0E-6
4.0E-6
4.0E-6
4.0E-6
4.0E-6
4.0E-6
4.0E-6
4.0E-6
6.0E-6
6.0E-6
6.0E-6
6.0E-6
6.0E-6
6.0E-6
6.0E-6
6.0E-6
6.0E-6
6.0E-6
6.0E-6
6.0E-6
6.0E-6
6.0E-6
6.0E-6
6.0E-6
6.0E-6
6.0E-6
6.0E-6
6.0E-6
8.0E-6
8.0E-6
8.0E-6
8.0E-6
8.0E-6
8.0E-6
8.0E-6
8.0E-6
8.0E-6
8.0E-6
8.0E-6
8.0E-6
8.0E-6
8.0E-6
8.0E-6
8.0E-6
8.0E-6
8.0E-6
8.0E-6
8.0E-6
8.0E-6
8.0E-6
8.0E-6
8.0E-6
8.0E-6
8.0E-6
9.999999999999999E-6
9.999999999999999E-6
9.999999999999999E-6
9.999999999999999E-6
9.999999999999999E-6
9.999999999999999E-6
9.999999999999999E-6
9.999999999999999E-6
9.999999999999999E-6
9.999999999999999E-6
9.999999999999999E-6
9.999999999999999E-6
9.999999999999999E-6
9.999999999999999E-6
9.999999999999999E-6
9.999999999999999E-6
9.999999999999999E-6
9.999999999999999E-6
9.999999999999999E-6
9.999999999999999E-6
9.999999999999999E-6
9.999999999999999E-6
1.2E-5
1.2E-5
1.2E-5
1.2E-5
1.2E-5
1.2E-5
1.2E-5
1.2E-5
1.2E-5
1.2E-5
1.2E-5
1.2E-5
1.2E-5
1.2E-5
1.2E-5
1.2E-5
1.2E-5
1.2E-5
1.2E-5
1.4E-5
1.4E-5
1.4E-5
1.4E-5
1.4E-5
1.4E-5
1.4E-5
1.4E-5
1.4E-5
1.4E-5
1.4E-5
1.4E-5
1.4E-5
1.6E-5
1.6E-5
1.6E-5
1.6E-5
1.6E-5
1.6E-5
1.6E-5
1.6E-5
1.6E-5
1.6E-5
1.6E-5
1.6E-5
1.6E-5
1.6E-5
1.6E-5
1.6E-5
1.6E-5
1.6E-5
1.6E-5
1.6E-5
1.6E-5
1.8E-5
1.8E-5
1.8E-5
1.8E-5
1.8E-5
1.8E-5
1.8E-5
1.8E-5
1.8E-5
1.8E-5
1.8E-5
1.9999999999999998E-5
1.9999999999999998E-5
1.9999999999999998E-5
1.9999999999999998E-5
1.9999999999999998E-5
1.9999999999999998E-5
1.9999999999999998E-5
1.9999999999999998E-5
1.9999999999999998E-5
1.9999999999999998E-5
1.9999999999999998E-5
1.9999999999999998E-5
1.9999999999999998E-5
1.9999999999999998E-5
1.9999999999999998E-5
2.2E-5
2.2E-5
2.2E-5
2.2E-5
2.2E-5
2.4E-5
2.4E-5
2.4E-5
2.4E-5
2.4E-5
2.4E-5
2.4E-5
2.4E-5
2.4E-5
2.4E-5
2.4E-5
2.6E-5
2.6E-5
2.6E-5
2.6E-5
2.6E-5
2.6E-5
2.8E-5
2.8E-5
2.8E-5
2.8E-5
2.8E-5
2.8E-5
2.8E-5
2.8E-5
2.9999999999999997E-5
2.9999999999999997E-5
2.9999999999999997E-5
2.9999999999999997E-5
2.9999999999999997E-5
3.2E-5
3.2E-5
3.2E-5
3.2E-5
3.2E-5
3.2E-5
3.4E-5
3.4E-5
3.4E-5
3.4E-5
3.4E-5
3.6E-5
3.6E-5
3.6E-5
3.6E-5
3.6E-5
3.6E-5
3.6E-5
3.6E-5
3.6E-5
3.7999999999999995E-5
3.7999999999999995E-5
3.7999999999999995E-5
3.7999999999999995E-5
3.9999999999999996E-5
3.9999999999999996E-5
3.9999999999999996E-5
4.2E-5
4.2E-5
4.4E-5
4.4E-5
4.4E-5
4.4E-5
4.6E-5
4.6E-5
4.6E-5
4.6E-5
4.6E-5
4.6E-5
4.6E-5
4.8E-5
4.8E-5
4.8E-5
4.8E-5
4.8E-5
4.8E-5
4.9999999999999996E-5
4.9999999999999996E-5
5.2E-5
5.2E-5
5.2E-5
5.2E-5
5.4E-5
5.6E-5
5.6E-5
5.6E-5
5.6E-5
5.6E-5
5.6E-5
5.6E-5
5.8E-5
5.8E-5
5.8E-5
5.8E-5
5.9999999999999995E-5
5.9999999999999995E-5
5.9999999999999995E-5
6.2E-5
6.2E-5
6.2E-5
6.4E-5
6.4E-5
6.4E-5
6.599999999999999E-5
6.599999999999999E-5
6.599999999999999E-5
6.599999999999999E-5
6.8E-5
6.8E-5
6.8E-5
7.0E-5
7.0E-5
7.2E-5
7.2E-5
7.2E-5
7.4E-5
7.4E-5
7.599999999999999E-5
7.8E-5
7.8E-5
8.2E-5
8.4E-5
8.4E-5
8.4E-5
8.599999999999999E-5
8.599999999999999E-5
8.599999999999999E-5
8.599999999999999E-5
8.599999999999999E-5
8.999999999999999E-5
8.999999999999999E-5
9.2E-5
9.2E-5
9.2E-5
9.4E-5
9.4E-5
9.4E-5
9.6E-5
9.6E-5
9.6E-5
9.6E-5
9.6E-5
9.6E-5
9.8E-5
9.8E-5
9.999999999999999E-5
9.999999999999999E-5
1.04E-4
1.06E-4
1.08E-4
1.0999999999999999E-4
1.12E-4
1.1399999999999999E-4
1.16E-4
1.16E-4
1.16E-4
1.18E-4
1.1999999999999999E-4
1.1999999999999999E-4
1.28E-4
1.3E-4
1.3E-4
1.3E-4
1.3199999999999998E-4
1.3199999999999998E-4
1.3199999999999998E-4
1.36E-4
1.36E-4
1.38E-4
1.4199999999999998E-4
1.4199999999999998E-4
1.4199999999999998E-4
1.44E-4
1.44E-4
1.46E-4
1.46E-4
1.48E-4
1.5199999999999998E-4
1.56E-4
1.64E-4
1.64E-4
1.66E-4
1.68E-4
1.68E-4
1.6999999999999999E-4
1.7199999999999998E-4
1.74E-4
1.76E-4
1.78E-4
1.7999999999999998E-4
1.8199999999999998E-4
1.84E-4
1.86E-4
1.8999999999999998E-4
1.92E-4
1.96E-4
1.98E-4
2.02E-4
2.02E-4
2.04E-4
2.06E-4
2.08E-4
2.0999999999999998E-4
2.12E-4
2.14E-4
2.16E-4
2.1799999999999999E-4
2.24E-4
2.26E-4
2.26E-4
2.2999999999999998E-4
2.32E-4
2.32E-4
2.32E-4
2.34E-4
2.34E-4
2.36E-4
2.3999999999999998E-4
2.4599999999999996E-4
2.5E-4
2.5E-4
2.5E-4
2.52E-4
2.54E-4
2.54E-4
2.56E-4
2.56E-4
2.58E-4
2.58E-4
2.6E-4
2.6199999999999997E-4
2.6199999999999997E-4
2.6399999999999997E-4
2.6399999999999997E-4
2.68E-4
2.7E-4
2.7E-4
2.72E-4
2.78E-4
2.8199999999999997E-4
2.8399999999999996E-4
2.86E-4
2.86E-4
2.86E-4
2.9E-4
2.94E-4
3.0E-4
3.0E-4
3.0199999999999997E-4
3.0399999999999996E-4
3.0399999999999996E-4
3.06E-4
3.1E-4
3.12E-4
3.16E-4
3.18E-4
3.18E-4
3.26E-4
3.26E-4
3.36E-4
3.3999999999999997E-4
3.3999999999999997E-4
3.4399999999999996E-4
3.4399999999999996E-4
3.4399999999999996E-4
3.5E-4
3.5999999999999997E-4
3.6199999999999996E-4
3.6199999999999996E-4
3.68E-4
3.68E-4
3.76E-4
3.7799999999999997E-4
3.8199999999999996E-4
3.8199999999999996E-4
3.84E-4
3.9799999999999997E-4
3.9999999999999996E-4
4.0199999999999996E-4
4.0199999999999996E-4
4.04E-4
4.04E-4
4.12E-4
4.14E-4
4.1999999999999996E-4
4.26E-4
4.3599999999999997E-4
4.3799999999999997E-4
4.3799999999999997E-4
4.3799999999999997E-4
4.3799999999999997E-4
4.48E-4
4.52E-4
4.5599999999999997E-4
4.66E-4
4.72E-4
4.8199999999999995E-4
4.86E-4
5.0E-4
5.02E-4
5.04E-4
5.099999999999999E-4
5.16E-4
5.16E-4
5.239999999999999E-4
5.34E-4
5.38E-4
5.4E-4
5.44E-4
5.52E-4
5.859999999999999E-4
5.88E-4
6.079999999999999E-4
6.12E-4
6.2E-4
6.2E-4
6.299999999999999E-4
6.36E-4
6.42E-4
6.46E-4
6.46E-4
6.479999999999999E-4
6.479999999999999E-4
6.479999999999999E-4
6.479999999999999E-4
6.5E-4
6.6E-4
6.72E-4
6.979999999999999E-4
7.08E-4
7.22E-4
7.3E-4
7.36E-4
7.52E-4
7.639999999999999E-4
7.639999999999999E-4
7.9E-4
8.02E-4
8.1E-4
8.34E-4
8.399999999999999E-4
8.439999999999999E-4
8.539999999999999E-4
8.64E-4
9.08E-4
9.419999999999999E-4
9.559999999999999E-4
9.58E-4
9.62E-4
9.639999999999999E-4
9.72E-4
9.72E-4
9.8E-4
9.88E-4
0.001018
0.001034
0.001068
0.001068
0.001076
0.00109
0.001094
0.001104
0.0011099999999999999
0.0011099999999999999
0.001124
0.001126
0.001134
0.001142
0.001148
0.0011539999999999999
0.001158
0.001178
0.001188
0.001206
0.00121
0.001212
0.00122
0.001224
0.0012339999999999999
0.0012339999999999999
0.001274
0.001276
0.0012779999999999998
0.0012879999999999999
0.00129
0.0013059999999999999
0.001308
0.001326
0.0013319999999999999
0.001348
0.001352
0.001354
0.001356
0.0013579999999999998
0.001374
0.0013759999999999998
0.0013859999999999999
0.001388
0.00139
0.001424
0.001446
0.00145
0.001454
0.00146
0.00148
0.001482
0.001488
0.0014939999999999999
0.001498
0.001506
0.0015119999999999999
0.001516
0.001522
0.001534
0.0015459999999999998
0.0015539999999999998
0.001562
0.001576
0.001578
0.001584
0.001586
0.001586
0.0015919999999999999
0.001594
0.001594
0.001596
0.0016099999999999999
0.001616
0.00163
0.00163
0.001648
0.001658
0.001666
0.001668
0.0016799999999999999
0.0016799999999999999
0.001686
0.0016899999999999999
0.0017
0.001702
0.0017079999999999999
0.00171
0.001712
0.0017159999999999999
0.0017159999999999999
0.0017339999999999999
0.0017419999999999998
0.0017439999999999999
0.0017439999999999999
0.001748
0.001748
0.0017519999999999999
0.001754
0.001756
0.001758
0.001762
0.001766
0.001772
0.00178
0.0017859999999999998
0.0017879999999999999
0.00179
0.001792
0.0017959999999999999
0.0018
0.001808
0.001808
0.00182
0.0018239999999999999
0.001826
0.001828
0.0018299999999999998
0.001844
0.001844
0.001846
0.0018499999999999999
0.001854
0.0018599999999999999
0.001864
0.0018659999999999998
0.001874
0.001878
0.00188
0.0018839999999999998
0.0018859999999999999
0.00189
0.001892
0.001896
0.001896
0.0019
0.0019
0.0019039999999999999
0.0019039999999999999
0.0019039999999999999
0.001906
0.001908
0.0019099999999999998
0.0019099999999999998
0.0019119999999999999
0.001918
0.001918
0.001918
0.001924
0.001924
0.0019279999999999998
0.0019299999999999999
0.0019299999999999999
0.0019299999999999999
0.001936
0.0019399999999999999
0.001942
0.001942
0.001944
0.0019459999999999998
0.0019459999999999998
0.00195
0.001952
0.001952
0.001954
0.001954
0.001954
0.001956
0.001956
0.001956
0.001958
0.00196
0.00196
0.00196
0.00196
0.0019619999999999998
0.0019619999999999998
0.0019619999999999998
0.0019619999999999998
0.001964
0.001964
0.001964
0.001966
0.001966
0.001966
0.001966
0.0019679999999999997
0.0019679999999999997
0.00197
0.00197
0.00197
0.00197
0.00197
0.001972
0.001972
0.001974
0.001974
0.001974
0.001974
0.001974
0.001976
0.001976
0.001976
0.001976
0.001976
0.001976
0.0019779999999999997
0.0019779999999999997
0.0019779999999999997
0.0019779999999999997
0.0019779999999999997
0.0019779999999999997
0.0019779999999999997
0.0019779999999999997
0.0019779999999999997
0.0019779999999999997
0.00198
0.00198
0.00198
0.00198
0.00198
0.00198
0.00198
0.001982
0.001982
0.001982
0.001982
0.001982
0.001982
0.001982
0.001982
0.001982
0.001982
0.001982
0.001984
0.001984
0.001984
0.001984
0.001984
0.001984
0.001984
0.001984
0.001984
0.001984
0.001984
0.001986
0.001986
0.001986
0.001986
0.001986
0.001986
0.001986
0.001986
0.001986
0.001986
0.001986
0.001986
0.001986
0.001986
0.001986
0.0019879999999999997
0.0019879999999999997
0.0019879999999999997
0.0019879999999999997
0.0019879999999999997
0.0019879999999999997
0.0019879999999999997
0.0019879999999999997
0.0019879999999999997
0.0019879999999999997
0.0019879999999999997
0.0019879999999999997
0.0019879999999999997
0.0019879999999999997
0.0019879999999999997
0.0019879999999999997
0.00199
0.00199
0.00199
0.00199
0.00199
0.00199
0.00199
0.00199
0.00199
0.00199
0.00199
0.00199
0.00199
0.00199
0.00199
0.00199
0.00199
0.00199
0.00199
0.00199
0.00199
0.001992
0.001992
0.001992
0.001992
0.001992
0.001992
0.001992
0.001992
0.001992
0.001992
0.001992
0.001992
0.001992
0.001992
0.001992
0.001992
0.001992
0.001992
0.001992
0.001992
0.001992
0.001994
0.001994
0.001994
0.001994
0.001994
0.001994
0.001994
0.001994
0.001994
0.001994
0.001994
0.001994
0.001994
0.001994
0.001994
0.001994
0.001994
0.001994
0.001994
0.001994
0.001994
0.001994
0.001994
0.001994
0.001994
0.001994
0.001994
0.001994
0.001994
0.001994
0.001994
0.001994
0.001994
0.001994
0.001994
0.001994
0.001994
0.001994
0.001994
0.001994
0.001994
0.001996
0.001996
0.001996
0.001996
0.001996
0.001996
0.001996
0.001996
0.001996
0.001996
0.001996
0.001996
0.001996
0.001996
0.001996
0.001996
0.001996
0.001996
0.001996
0.001996
0.001996
0.001996
0.001996
0.001996
0.001996
0.001996
0.001996
0.001996
0.001996
0.001996
0.001996
0.001996
0.001996
0.001996
0.001996
0.001996
0.001996
0.001996
0.001996
0.001996
0.001996
0.001996
0.001996
0.001996
0.001996
0.001996
0.001996
0.001996
0.001996
0.001996
0.001996
0.001996
0.001996
0.001996
0.001996
0.001996
0.001996
0.001996
0.001996
0.001996
0.001996
0.001996
0.001996
0.001996
0.001996
0.001996
0.001996
0.001996
0.001996
0.001996
0.001996
0.001996
0.001996
0.001996
0.001996
0.001996
0.001996
0.001996
0.001996
0.001996
0.001996
0.001996
0.001996
0.001996
0.001996
0.001996
0.001996
0.001996
0.001996
0.001996
0.001996
0.001996
0.001996
0.001996
0.001996
0.001996
0.001996
0.001996
0.001996
0.001996
0.001996
0.001996
0.001996
0.001996
0.001996
0.001996
0.001996
0.001996
0.001996
0.001996
0.001996
0.001996
0.001996
0.001996
0.001996
0.001996
0.001996
0.001996
0.001996
0.001996
0.001996
0.001996
0.001996
0.001996
0.001996
0.001996
0.001996
0.001996
0.0019979999999999998
0.0019979999999999998
0.0019979999999999998
0.0019979999999999998
0.0019979999999999998
0.0019979999999999998
0.0019979999999999998
0.0019979999999999998
0.0019979999999999998
0.0019979999999999998
0.0019979999999999998
0.0019979999999999998
0.0019979999999999998
0.0019979999999999998
0.0019979999999999998
0.0019979999999999998
0.0019979999999999998
0.0019979999999999998
0.0019979999999999998
0.0019979999999999998
0.0019979999999999998
0.0019979999999999998
0.0019979999999999998
0.0019979999999999998
0.0019979999999999998
0.0019979999999999998
0.0019979999999999998
0.0019979999999999998
0.0019979999999999998
0.0019979999999999998
0.0019979999999999998
0.0019979999999999998
0.0019979999999999998
0.0019979999999999998
0.0019979999999999998
0.0019979999999999998
0.0019979999999999998
0.0019979999999999998
0.0019979999999999998
0.0019979999999999998
0.0019979999999999998
0.0019979999999999998
0.0019979999999999998
0.0019979999999999998
0.0019979999999999998
0.0019979999999999998
0.0019979999999999998
0.0019979999999999998
0.0019979999999999998
0.0019979999999999998
0.0019979999999999998
0.0019979999999999998
0.0019979999999999998
0.0019979999999999998
0.0019979999999999998
0.0019979999999999998
0.0019979999999999998
0.0019979999999999998
0.0019979999999999998
0.0019979999999999998
0.0019979999999999998
0.0019979999999999998
0.0019979999999999998
0.002
0.002
0.002
0.002002
0.002002
0.002002
0.002002
0.002002
0.0020039999999999997
0.0020039999999999997
0.002006
0.002006
0.002006
0.00201
0.00201
0.00201
0.002012
0.002012
0.002012
0.0020139999999999997
0.0020139999999999997
0.002016
0.002016
0.002018
0.002018
0.0020239999999999998
0.0020239999999999998
0.002026
0.002028
0.00203
0.002032
0.002034
0.002034
0.002036
0.002038
0.002038
0.002038
0.002046
0.002046
0.002048
0.002052
0.002058
0.002062
0.002068
0.002068
0.002068
0.002074
0.002078
0.00208
0.002084
0.0020859999999999997
0.002094
0.002104
0.002106
0.002106
0.002116
0.002126
0.002128
0.002136
0.0021479999999999997
0.002156
0.0021639999999999997
0.0021639999999999997
0.0021839999999999997
0.002202
0.002202
0.002204
0.002226
0.002232
0.002238
0.002244
0.002248
0.002254
0.00226
0.002274
0.002276
0.002276
0.00228
0.002286
0.002294
0.002312
0.002316
0.002362
0.002368
0.002386
0.0023899999999999998
0.002392
0.0024
0.00242
0.002438
0.002446
0.002456
0.002482
0.002482
0.002484
0.002532
0.002536
0.002552
0.002596
0.002626
0.0026279999999999997
0.002634
0.0026379999999999997
0.0026479999999999997
0.0026539999999999997
0.0026579999999999998
0.0026839999999999998
0.002704
0.002738
0.002766
0.00278
0.002802
0.0028139999999999997
0.0028139999999999997
0.002884
0.0028899999999999998
0.0029419999999999997
0.002946
0.00296
0.002964
0.0029839999999999997
0.003012
0.003026
0.003088
0.003094
0.003096
0.0031219999999999998
0.0031479999999999998
0.0032679999999999996
0.00327
0.003274
0.0032879999999999997
0.0032879999999999997
0.003312
0.003316
0.003326
0.003342
0.003342
0.0033439999999999998
0.003346
0.0034419999999999997
0.003444
0.003462
0.003492
0.003512
0.003544
0.0035619999999999996
0.0035619999999999996
0.003584
0.0035859999999999998
0.003594
0.003604
0.003624
0.003632
0.003646
0.0036639999999999997
0.003666
0.0036799999999999997
0.003682
0.003686
0.0037059999999999997
0.0037059999999999997
0.003734
0.0037419999999999997
0.0037579999999999996
0.00376
0.0037679999999999996
0.003776
0.0037779999999999997
0.003796
0.00381
0.003822
0.0038239999999999997
0.003826
0.003836
0.0038399999999999997
0.0038499999999999997
0.003852
0.0038599999999999997
0.003864
0.003874
0.003894
0.0038959999999999997
0.0039059999999999997
0.003908
0.003908
0.003909999999999999
0.003912
0.0039239999999999995
0.003926
0.003928
0.0039299999999999995
0.003934
0.003938
0.00394
0.003942
0.003942
0.003942
0.003944
0.003946
0.003946
0.003948
0.003948
0.003954
0.003954
0.0039559999999999994
0.003958
0.00396
0.00396
0.003962
0.003964
0.003966
0.003966
0.003968
0.00397
0.00397
0.00397
0.003972
0.003972
0.003974
0.0039759999999999995
0.0039759999999999995
0.0039759999999999995
0.003978
0.003978
0.003978
0.00398
0.00398
0.00398
0.00398
0.003981999999999999
0.003981999999999999
0.003981999999999999
0.003981999999999999
0.003981999999999999
0.003981999999999999
0.003981999999999999
0.003981999999999999
0.003981999999999999
0.003984
0.003984
0.003984
0.003984
0.003984
0.003984
0.003984
0.003984
0.003986
0.003986
0.003986
0.003986
0.003986
0.003988
0.003988
0.003988
0.003988
0.003988
0.003988
0.003988
0.003988
0.003988
0.003988
0.003988
0.00399
0.00399
0.00399
0.00399
0.00399
0.00399
0.00399
0.00399
0.00399
0.00399
0.00399
0.00399
0.00399
0.00399
0.00399
0.00399
0.003992
0.0039959999999999996
0.0040019999999999995
0.004012
0.004014
0.004014
0.004016
0.004016
0.004016
0.0040219999999999995
0.004032
0.00404
0.0040479999999999995
0.00405
0.004098
0.0041199999999999995
0.0041519999999999994
0.004156
0.00417
0.004176
0.0042239999999999995
0.0042239999999999995
0.004246
0.004275999999999999
0.00428
0.004292
0.00432
0.004346
0.004352
0.00439
0.004406
0.004452
0.004462
0.004522
0.004543999999999999
0.004543999999999999
0.004546
0.004556
0.004578
0.004586
0.004602
0.004628
0.004648
0.004686
0.0048839999999999995
0.004908
0.004914
0.004944
0.0049499999999999995
0.004978
0.00503
0.005078
0.005098
0.00513
0.005142
0.0051519999999999995
0.005274
0.005284
0.005333999999999999
0.005352
0.005444
0.005462
0.005484
0.0055
0.00552
0.005548
0.005595999999999999
0.0056
0.005604
0.005624
0.005638
0.005644
0.005644
0.005652
0.00566
0.005684
0.005732
0.0057339999999999995
0.005748
0.005756
0.005814
0.0058319999999999995
0.005842
0.005846
0.0058839999999999995
0.005908
0.005914
0.005928
0.005948
0.005948
0.005954
0.0059559999999999995
0.005961999999999999
0.005967999999999999
0.005967999999999999
0.005967999999999999
0.00597
0.005972
0.0059759999999999995
0.00598
0.00598
0.00598
0.005993999999999999
0.005998
0.006004
0.006019999999999999
0.006022
0.006076
0.006104
0.006144
0.0061779999999999995
0.006192
0.0062239999999999995
0.006258
0.006312
0.0063159999999999996
0.0063479999999999995
0.006376
0.0064399999999999995
0.00646
0.006482
0.006488
0.0066679999999999994
0.006679999999999999
0.006738
0.006738
0.006802
0.006802
0.0068379999999999995
0.006866
0.006869999999999999
0.006906
0.006927999999999999
0.00696
0.007045999999999999
0.007096
0.007186
0.007194
0.007226
0.00729
0.007416
0.007462
0.007528
0.007546
0.007578
0.007581999999999999
0.00761
0.0076619999999999995
0.00769
0.007742
0.007797999999999999
0.007864
0.007878
0.00791
0.007918
0.007962
0.00797
0.00797
0.007976
0.008132
0.008648
0.009016
0.009115999999999999
0.00913
0.009231999999999999
0.009358
0.009404
0.009441999999999999
0.009472
0.009583999999999999
0.009609999999999999
0.009644
0.009718
0.009878
0.009878
0.009892
0.00992
0.00994
0.010036
0.010058
0.010166
0.010192
0.010234
0.010537999999999999
0.010579999999999999
0.010824
0.010986
0.011044
0.011304
0.01133
0.011358
0.011398
0.011556
0.011557999999999999
0.011682
0.011734
0.011765999999999999
0.011848
0.01185
0.011896
0.011935999999999999
0.012235999999999999
0.012433999999999999
0.012502
0.012556
0.012568
0.01257
0.012924
0.013214
0.013274
0.013364
0.013408
0.013701999999999999
0.013764
0.014067999999999999
0.014156
0.014289999999999999
0.014655999999999999
0.014854
0.014889999999999999
0.014927999999999999
0.014983999999999999
0.015047999999999999
0.015283999999999999
0.015448
0.015626
0.01565
0.015674
0.015743999999999998
0.015764
0.016316
0.017126
0.017654
0.018161999999999998
0.018226
0.019393999999999998
0.020708
0.020787999999999997
0.021292
0.021856
0.021936
0.026074
0.028485999999999997
0.029665999999999998
0.029814
0.030071999999999998
0.030449999999999998
0.030642
0.0312
0.03431
0.034656
0.03519
0.037362
0.039792
0.04247
0.044416
0.048159999999999994
0.04901
0.049165999999999994
0.0554
0.06654
0.069816
0.073506
0.07592
0.12196
0.155224
0.16852399999999998
