0.0
0.0
0.0
0.0
0.0
0.0
2.0E-6
2.0E-6
2.0E-6
2.0E-6
2.0E-6
2.0E-6
2.0E-6
2.0E-6
2.0E-6
2.0E-6
2.0E-6
2.0E-6
2.0E-6
2.0E-6
2.0E-6
2.0E-6
2.0E-6
2.0E-6
2.0E-6
2.0E-6
2.0E-6
2.0E-6
2.0E-6
2.0E-6
2.0E-6
2.0E-6
2.0E-6
2.0E-6
2.0E-6
2.0E-6
2.0E-6
2.0E-6
2.0E-6
2.0E-6
4.0E-6
4.0E-6
4.0E-6
4.0E-6
4.0E-6
4.0E-6
4.0E-6
4.0E-6
4.0E-6
4.0E-6
4.0E-6
4.0E-6
4.0E-6
4.0E-6
4.0E-6
4.0E-6
4.0E-6
4.0E-6
4.0E-6
4.0E-6
4.0E-6
4.0E-6
4.0E-6
4.0E-6
4.0E-6
4.0E-6
4.0E-6
6.0E-6
6.0E-6
6.0E-6
6.0E-6
6.0E-6
6.0E-6
6.0E-6
6.0E-6
6.0E-6
6.0E-6
6.0E-6
6.0E-6
6.0E-6
6.0E-6
6.0E-6
6.0E-6
6.0E-6
6.0E-6
8.0E-6
8.0E-6
8.0E-6
8.0E-6
8.0E-6
8.0E-6
8.0E-6
8.0E-6
8.0E-6
8.0E-6
8.0E-6
8.0E-6
8.0E-6
8.0E-6
8.0E-6
8.0E-6
9.999999999999999E-6
9.999999999999999E-6
9.999999999999999E-6
9.999999999999999E-6
9.999999999999999E-6
9.999999999999999E-6
9.999999999999999E-6
9.999999999999999E-6
9.999999999999999E-6
9.999999999999999E-6
9.999999999999999E-6
9.999999999999999E-6
9.999999999999999E-6
9.999999999999999E-6
1.2E-5
1.2E-5
1.2E-5
1.2E-5
1.2E-5
1.2E-5
1.2E-5
1.2E-5
1.2E-5
1.2E-5
1.2E-5
1.2E-5
1.2E-5
1.2E-5
1.4E-5
1.4E-5
1.4E-5
1.4E-5
1.4E-5
1.4E-5
1.6E-5
1.6E-5
1.6E-5
1.6E-5
1.6E-5
1.6E-5
1.6E-5
1.6E-5
1.6E-5
1.6E-5
1.6E-5
1.8E-5
1.8E-5
1.8E-5
1.8E-5
1.8E-5
1.8E-5
1.8E-5
1.8E-5
1.8E-5
1.8E-5
1.8E-5
1.9999999999999998E-5
1.9999999999999998E-5
1.9999999999999998E-5
1.9999999999999998E-5
1.9999999999999998E-5
1.9999999999999998E-5
1.9999999999999998E-5
2.2E-5
2.2E-5
2.2E-5
2.2E-5
2.2E-5
2.2E-5
2.2E-5
2.2E-5
2.4E-5
2.4E-5
2.4E-5
2.4E-5
2.4E-5
2.4E-5
2.4E-5
2.4E-5
2.6E-5
2.6E-5
2.6E-5
2.6E-5
2.6E-5
2.6E-5
2.6E-5
2.6E-5
2.6E-5
2.6E-5
2.6E-5
2.8E-5
2.8E-5
2.8E-5
2.8E-5
2.8E-5
2.8E-5
2.8E-5
2.8E-5
2.8E-5
2.8E-5
2.9999999999999997E-5
2.9999999999999997E-5
2.9999999999999997E-5
2.9999999999999997E-5
2.9999999999999997E-5
2.9999999999999997E-5
3.2E-5
3.2E-5
3.2E-5
3.2E-5
3.2E-5
3.2E-5
3.2E-5
3.4E-5
3.4E-5
3.4E-5
3.4E-5
3.4E-5
3.4E-5
3.4E-5
3.4E-5
3.6E-5
3.6E-5
3.6E-5
3.6E-5
3.6E-5
3.6E-5
3.6E-5
3.6E-5
3.6E-5
3.6E-5
3.6E-5
3.7999999999999995E-5
3.7999999999999995E-5
3.7999999999999995E-5
3.7999999999999995E-5
3.7999999999999995E-5
3.9999999999999996E-5
3.9999999999999996E-5
3.9999999999999996E-5
3.9999999999999996E-5
3.9999999999999996E-5
3.9999999999999996E-5
4.2E-5
4.2E-5
4.2E-5
4.2E-5
4.2E-5
4.2E-5
4.2E-5
4.2E-5
4.4E-5
4.4E-5
4.4E-5
4.4E-5
4.4E-5
4.4E-5
4.4E-5
4.6E-5
4.6E-5
4.6E-5
4.8E-5
4.8E-5
4.8E-5
4.8E-5
4.9999999999999996E-5
4.9999999999999996E-5
4.9999999999999996E-5
4.9999999999999996E-5
4.9999999999999996E-5
4.9999999999999996E-5
4.9999999999999996E-5
4.9999999999999996E-5
4.9999999999999996E-5
5.2E-5
5.2E-5
5.2E-5
5.4E-5
5.4E-5
5.4E-5
5.4E-5
5.4E-5
5.4E-5
5.4E-5
5.4E-5
5.4E-5
5.4E-5
5.6E-5
5.6E-5
5.6E-5
5.6E-5
5.6E-5
5.6E-5
5.8E-5
5.8E-5
5.8E-5
5.8E-5
5.9999999999999995E-5
5.9999999999999995E-5
5.9999999999999995E-5
5.9999999999999995E-5
6.2E-5
6.2E-5
6.2E-5
6.2E-5
6.4E-5
6.4E-5
6.4E-5
6.4E-5
6.4E-5
6.599999999999999E-5
6.8E-5
6.8E-5
6.8E-5
6.8E-5
6.8E-5
6.8E-5
7.0E-5
7.0E-5
7.0E-5
7.0E-5
7.0E-5
7.0E-5
7.0E-5
7.2E-5
7.2E-5
7.2E-5
7.2E-5
7.4E-5
7.4E-5
7.599999999999999E-5
7.599999999999999E-5
7.8E-5
7.8E-5
7.8E-5
7.8E-5
7.8E-5
7.8E-5
7.999999999999999E-5
7.999999999999999E-5
7.999999999999999E-5
7.999999999999999E-5
7.999999999999999E-5
7.999999999999999E-5
7.999999999999999E-5
7.999999999999999E-5
8.2E-5
8.2E-5
8.2E-5
8.2E-5
8.4E-5
8.4E-5
8.4E-5
8.599999999999999E-5
8.8E-5
8.8E-5
8.8E-5
8.8E-5
8.8E-5
8.8E-5
8.999999999999999E-5
8.999999999999999E-5
9.2E-5
9.2E-5
9.4E-5
9.4E-5
9.4E-5
9.4E-5
9.4E-5
9.6E-5
9.6E-5
9.6E-5
9.8E-5
9.8E-5
9.8E-5
9.8E-5
9.8E-5
9.999999999999999E-5
9.999999999999999E-5
9.999999999999999E-5
9.999999999999999E-5
1.02E-4
1.02E-4
1.02E-4
1.02E-4
1.04E-4
1.04E-4
1.04E-4
1.04E-4
1.04E-4
1.04E-4
1.04E-4
1.06E-4
1.06E-4
1.06E-4
1.06E-4
1.06E-4
1.08E-4
1.0999999999999999E-4
1.0999999999999999E-4
1.0999999999999999E-4
1.12E-4
1.12E-4
1.1399999999999999E-4
1.1399999999999999E-4
1.1399999999999999E-4
1.16E-4
1.16E-4
1.16E-4
1.18E-4
1.18E-4
1.18E-4
1.1999999999999999E-4
1.1999999999999999E-4
1.1999999999999999E-4
1.1999999999999999E-4
1.22E-4
1.22E-4
1.22E-4
1.24E-4
1.24E-4
1.24E-4
1.26E-4
1.26E-4
1.28E-4
1.28E-4
1.3E-4
1.3E-4
1.3E-4
1.3E-4
1.3E-4
1.3199999999999998E-4
1.34E-4
1.34E-4
1.36E-4
1.38E-4
1.38E-4
1.38E-4
1.38E-4
1.4199999999999998E-4
1.4199999999999998E-4
1.44E-4
1.46E-4
1.48E-4
1.48E-4
1.48E-4
1.48E-4
1.48E-4
1.5E-4
1.5199999999999998E-4
1.5199999999999998E-4
1.54E-4
1.54E-4
1.56E-4
1.58E-4
1.58E-4
1.58E-4
1.58E-4
1.5999999999999999E-4
1.5999999999999999E-4
1.6199999999999998E-4
1.6199999999999998E-4
1.64E-4
1.64E-4
1.64E-4
1.66E-4
1.66E-4
1.66E-4
1.66E-4
1.6999999999999999E-4
1.6999999999999999E-4
1.6999999999999999E-4
1.7199999999999998E-4
1.7199999999999998E-4
1.74E-4
1.76E-4
1.76E-4
1.76E-4
1.78E-4
1.7999999999999998E-4
1.7999999999999998E-4
1.8199999999999998E-4
1.8199999999999998E-4
1.84E-4
1.84E-4
1.86E-4
1.86E-4
1.8999999999999998E-4
1.8999999999999998E-4
1.92E-4
1.92E-4
1.94E-4
1.94E-4
1.94E-4
1.94E-4
1.94E-4
1.94E-4
1.94E-4
1.96E-4
1.96E-4
1.96E-4
1.96E-4
1.96E-4
1.98E-4
1.98E-4
1.98E-4
1.98E-4
2.02E-4
2.04E-4
2.04E-4
2.04E-4
2.12E-4
2.14E-4
2.16E-4
2.16E-4
2.1999999999999998E-4
2.24E-4
2.24E-4
2.26E-4
2.26E-4
2.2799999999999999E-4
2.2799999999999999E-4
2.2799999999999999E-4
2.32E-4
2.34E-4
2.36E-4
2.36E-4
2.36E-4
2.36E-4
2.3799999999999998E-4
2.3999999999999998E-4
2.42E-4
2.4599999999999996E-4
2.4599999999999996E-4
2.4599999999999996E-4
2.48E-4
2.48E-4
2.52E-4
2.52E-4
2.52E-4
2.52E-4
2.54E-4
2.56E-4
2.58E-4
2.6199999999999997E-4
2.6399999999999997E-4
2.6399999999999997E-4
2.6399999999999997E-4
2.68E-4
2.68E-4
2.74E-4
2.74E-4
2.74E-4
2.78E-4
2.8E-4
2.8199999999999997E-4
2.8199999999999997E-4
2.8399999999999996E-4
2.86E-4
2.86E-4
2.86E-4
2.88E-4
2.88E-4
2.9E-4
2.92E-4
2.94E-4
2.96E-4
2.96E-4
3.0E-4
3.0199999999999997E-4
3.0199999999999997E-4
3.06E-4
3.06E-4
3.08E-4
3.1E-4
3.1E-4
3.12E-4
3.14E-4
3.16E-4
3.16E-4
3.16E-4
3.18E-4
3.1999999999999997E-4
3.1999999999999997E-4
3.2199999999999997E-4
3.2199999999999997E-4
3.26E-4
3.28E-4
3.36E-4
3.38E-4
3.38E-4
3.3999999999999997E-4
3.48E-4
3.48E-4
3.5E-4
3.52E-4
3.5999999999999997E-4
3.5999999999999997E-4
3.6199999999999996E-4
3.66E-4
3.72E-4
3.76E-4
3.7799999999999997E-4
3.8199999999999996E-4
3.84E-4
3.84E-4
3.86E-4
3.88E-4
3.88E-4
3.92E-4
3.94E-4
3.94E-4
4.0199999999999996E-4
4.06E-4
4.12E-4
4.12E-4
4.16E-4
4.1999999999999996E-4
4.2199999999999996E-4
4.32E-4
4.34E-4
4.34E-4
4.3599999999999997E-4
4.4199999999999996E-4
4.44E-4
4.48E-4
4.48E-4
4.5E-4
4.52E-4
4.54E-4
4.54E-4
4.6199999999999995E-4
4.6199999999999995E-4
4.72E-4
4.72E-4
4.7599999999999997E-4
4.7999999999999996E-4
4.84E-4
4.86E-4
4.919999999999999E-4
5.04E-4
5.059999999999999E-4
5.14E-4
5.16E-4
5.16E-4
5.2E-4
5.239999999999999E-4
5.239999999999999E-4
5.279999999999999E-4
5.3E-4
5.34E-4
5.34E-4
5.36E-4
5.36E-4
5.36E-4
5.4E-4
5.52E-4
5.58E-4
5.7E-4
5.76E-4
5.76E-4
5.76E-4
5.819999999999999E-4
5.859999999999999E-4
5.859999999999999E-4
5.96E-4
6.0E-4
6.0E-4
6.02E-4
6.02E-4
6.039999999999999E-4
6.06E-4
6.12E-4
6.14E-4
6.18E-4
6.18E-4
6.18E-4
6.219999999999999E-4
6.219999999999999E-4
6.28E-4
6.299999999999999E-4
6.299999999999999E-4
6.32E-4
6.46E-4
6.5E-4
6.52E-4
6.64E-4
6.659999999999999E-4
6.72E-4
6.76E-4
6.879999999999999E-4
6.9E-4
6.94E-4
7.0E-4
7.059999999999999E-4
7.14E-4
7.14E-4
7.14E-4
7.199999999999999E-4
7.22E-4
7.239999999999999E-4
7.34E-4
7.419999999999999E-4
7.48E-4
7.48E-4
7.52E-4
7.599999999999999E-4
7.72E-4
7.88E-4
7.98E-4
8.039999999999999E-4
8.08E-4
8.16E-4
8.179999999999999E-4
8.2E-4
8.219999999999999E-4
8.3E-4
8.38E-4
8.439999999999999E-4
8.539999999999999E-4
8.6E-4
8.6E-4
8.64E-4
8.659999999999999E-4
8.68E-4
8.74E-4
8.759999999999999E-4
8.88E-4
9.1E-4
9.14E-4
9.159999999999999E-4
9.18E-4
9.28E-4
9.299999999999999E-4
9.379999999999999E-4
9.44E-4
9.46E-4
9.48E-4
9.54E-4
9.58E-4
9.599999999999999E-4
9.639999999999999E-4
9.68E-4
9.699999999999999E-4
9.78E-4
9.86E-4
9.92E-4
9.92E-4
0.0010119999999999999
0.001022
0.0010299999999999999
0.001036
0.001036
0.0010379999999999999
0.0010379999999999999
0.001042
0.001052
0.001064
0.001072
0.001076
0.001086
0.001088
0.0010919999999999999
0.0010919999999999999
0.001096
0.001106
0.0011179999999999999
0.001122
0.001124
0.001132
0.0011359999999999999
0.00114
0.001156
0.001158
0.0011719999999999999
0.001174
0.001178
0.0011799999999999998
0.001184
0.0011899999999999999
0.001196
0.001202
0.001206
0.001222
0.001228
0.001236
0.0012439999999999999
0.001246
0.001248
0.0012599999999999998
0.001282
0.001282
0.001286
0.001294
0.0013
0.0013059999999999999
0.00131
0.001312
0.0013319999999999999
0.0013579999999999998
0.0013579999999999998
0.0013579999999999998
0.0013599999999999999
0.001364
0.00137
0.001372
0.001372
0.001374
0.00139
0.0013939999999999998
0.0013939999999999998
0.0013959999999999999
0.001398
0.001402
0.001402
0.0014039999999999999
0.001406
0.00141
0.001414
0.001426
0.001428
0.001428
0.001434
0.001434
0.001434
0.001438
0.001446
0.001446
0.00145
0.001452
0.001452
0.0014579999999999999
0.00146
0.001462
0.001462
0.001464
0.001464
0.0014659999999999999
0.00148
0.001482
0.001482
0.001486
0.001488
0.001504
0.0015119999999999999
0.001516
0.0015199999999999999
0.0015279999999999998
0.0015279999999999998
0.001534
0.001536
0.001542
0.0015459999999999998
0.001548
0.001548
0.0015739999999999999
0.001576
0.0015919999999999999
0.001594
0.001596
0.001602
0.001604
0.0016079999999999998
0.00162
0.00162
0.001624
0.0016339999999999998
0.001638
0.0016439999999999998
0.001648
0.0016539999999999999
0.001656
0.001656
0.00166
0.00166
0.00166
0.001666
0.0016699999999999998
0.0016719999999999999
0.0016799999999999999
0.001682
0.001686
0.0016899999999999999
0.001692
0.001694
0.0017
0.001702
0.0017079999999999999
0.00171
0.001712
0.001712
0.0017159999999999999
0.001718
0.00172
0.001722
0.001722
0.0017259999999999999
0.0017319999999999998
0.0017319999999999998
0.0017339999999999999
0.0017339999999999999
0.001736
0.001738
0.00174
0.0017419999999999998
0.0017439999999999999
0.0017439999999999999
0.001748
0.0017519999999999999
0.0017519999999999999
0.001762
0.001762
0.001764
0.001764
0.001766
0.001772
0.001782
0.0017879999999999999
0.0017879999999999999
0.0017959999999999999
0.001798
0.001802
0.001802
0.001802
0.001802
0.001802
0.0018039999999999998
0.00181
0.001812
0.001812
0.001816
0.001826
0.001828
0.001828
0.0018299999999999998
0.0018299999999999998
0.0018299999999999998
0.0018319999999999999
0.001836
0.001838
0.001838
0.001838
0.001838
0.0018419999999999999
0.0018419999999999999
0.0018479999999999998
0.0018479999999999998
0.001854
0.001854
0.001856
0.0018599999999999999
0.001862
0.001864
0.00187
0.001872
0.001872
0.001872
0.001872
0.001874
0.001874
0.001878
0.00188
0.00188
0.00188
0.00188
0.001882
0.0018839999999999998
0.0018859999999999999
0.001888
0.00189
0.00189
0.00189
0.00189
0.001892
0.0018939999999999999
0.0018939999999999999
0.0018939999999999999
0.001896
0.001898
0.001898
0.001898
0.001898
0.001898
0.0019
0.0019
0.0019
0.0019019999999999998
0.0019019999999999998
0.0019019999999999998
0.001908
0.0019099999999999998
0.0019099999999999998
0.0019099999999999998
0.0019119999999999999
0.001916
0.001918
0.001918
0.0019199999999999998
0.0019199999999999998
0.0019199999999999998
0.0019199999999999998
0.0019219999999999999
0.001926
0.001926
0.0019279999999999998
0.0019279999999999998
0.001932
0.001932
0.001932
0.001932
0.0019379999999999998
0.0019379999999999998
0.0019399999999999999
0.0019399999999999999
0.0019399999999999999
0.0019399999999999999
0.001942
0.001942
0.001942
0.001944
0.001944
0.001944
0.001944
0.0019459999999999998
0.0019459999999999998
0.0019459999999999998
0.0019459999999999998
0.0019479999999999999
0.00195
0.00195
0.00195
0.001952
0.001952
0.001952
0.001954
0.001954
0.001956
0.001956
0.001958
0.001958
0.001958
0.001958
0.00196
0.0019619999999999998
0.0019619999999999998
0.0019619999999999998
0.0019619999999999998
0.001964
0.001964
0.001964
0.001964
0.001964
0.001966
0.001966
0.001966
0.001966
0.001966
0.001966
0.0019679999999999997
0.0019679999999999997
0.0019679999999999997
0.00197
0.00197
0.00197
0.00197
0.001972
0.001972
0.001972
0.001972
0.001972
0.001972
0.001974
0.001974
0.001974
0.001974
0.001974
0.001974
0.001974
0.001976
0.001976
0.001976
0.001976
0.001976
0.0019779999999999997
0.0019779999999999997
0.0019779999999999997
0.0019779999999999997
0.0019779999999999997
0.0019779999999999997
0.0019779999999999997
0.0019779999999999997
0.0019779999999999997
0.0019779999999999997
0.00198
0.00198
0.00198
0.00198
0.00198
0.00198
0.00198
0.00198
0.00198
0.001982
0.001982
0.001982
0.001982
0.001982
0.001982
0.001982
0.001982
0.001982
0.001982
0.001982
0.001984
0.001984
0.001984
0.001984
0.001984
0.001984
0.001984
0.001984
0.001984
0.001986
0.001986
0.001986
0.001986
0.001986
0.001986
0.001986
0.001986
0.0019879999999999997
0.0019879999999999997
0.0019879999999999997
0.0019879999999999997
0.0019879999999999997
0.0019879999999999997
0.0019879999999999997
0.0019879999999999997
0.0019879999999999997
0.0019879999999999997
0.0019879999999999997
0.0019879999999999997
0.0019879999999999997
0.0019879999999999997
0.0019879999999999997
0.00199
0.00199
0.00199
0.00199
0.00199
0.00199
0.00199
0.00199
0.00199
0.00199
0.00199
0.00199
0.00199
0.00199
0.00199
0.00199
0.00199
0.00199
0.00199
0.001992
0.001992
0.001992
0.001992
0.001992
0.001992
0.001992
0.001992
0.001992
0.001992
0.001992
0.001992
0.001992
0.001992
0.001992
0.001992
0.001992
0.001992
0.001992
0.001992
0.001992
0.001992
0.001992
0.001992
0.001992
0.001992
0.001992
0.001992
0.001992
0.001992
0.001994
0.001994
0.001994
0.001994
0.001994
0.001994
0.001994
0.001994
0.001994
0.001994
0.001994
0.001994
0.001994
0.001994
0.001994
0.001994
0.001994
0.001994
0.001994
0.001994
0.001994
0.001994
0.001994
0.001994
0.001994
0.001994
0.001994
0.001994
0.001994
0.001994
0.001994
0.001994
0.001994
0.001994
0.001994
0.001994
0.001994
0.001994
0.001994
0.001994
0.001994
0.001994
0.001994
0.001994
0.001994
0.001994
0.001994
0.001994
0.001994
0.001994
0.001994
0.001994
0.001994
0.001994
0.001994
0.001994
0.001994
0.001994
0.001994
0.001994
0.001994
0.001994
0.001996
0.001996
0.001996
0.001996
0.001996
0.001996
0.001996
0.001996
0.001996
0.001996
0.0019979999999999998
0.0019979999999999998
0.0019979999999999998
0.002
0.002
0.002
0.002
0.002
0.002
0.002002
0.002002
0.002002
0.002002
0.002002
0.0020039999999999997
0.0020039999999999997
0.0020039999999999997
0.0020039999999999997
0.0020039999999999997
0.0020039999999999997
0.0020039999999999997
0.0020039999999999997
0.0020039999999999997
0.002006
0.002006
0.002008
0.002008
0.002008
0.00201
0.00201
0.00201
0.00201
0.00201
0.00201
0.00201
0.002012
0.0020139999999999997
0.0020139999999999997
0.0020139999999999997
0.0020139999999999997
0.002016
0.002016
0.002016
0.002018
0.002018
0.002018
0.002018
0.002018
0.00202
0.00202
0.002022
0.0020239999999999998
0.0020239999999999998
0.0020239999999999998
0.0020239999999999998
0.002028
0.002028
0.002028
0.00203
0.00203
0.002032
0.002032
0.002034
0.002036
0.002036
0.002038
0.002042
0.002044
0.002044
0.002044
0.002048
0.0020499999999999997
0.0020499999999999997
0.002052
0.002052
0.002054
0.002058
0.002062
0.002062
0.0020659999999999997
0.00207
0.002072
0.002074
0.0020759999999999997
0.002078
0.00208
0.00208
0.002084
0.002084
0.002084
0.002088
0.00209
0.002094
0.002104
0.002104
0.002108
0.002108
0.002114
0.002114
0.002124
0.002124
0.002134
0.002134
0.00214
0.00214
0.002144
0.002154
0.0021579999999999998
0.00216
0.002172
0.00218
0.002182
0.002182
0.0021839999999999997
0.002186
0.002186
0.00219
0.002196
0.002196
0.002196
0.002208
0.0022199999999999998
0.002224
0.002224
0.002228
0.002228
0.002254
0.00226
0.002264
0.002266
0.002268
0.00227
0.0022719999999999997
0.002274
0.002294
0.002296
0.0023
0.0023079999999999997
0.002314
0.00232
0.0023339999999999997
0.002336
0.002338
0.0023439999999999997
0.002358
0.002362
0.002372
0.002378
0.002384
0.002386
0.0024
0.0024
0.002408
0.002408
0.002414
0.002438
0.00245
0.00246
0.0024679999999999997
0.002482
0.002484
0.0024939999999999997
0.0025039999999999997
0.002508
0.002526
0.002526
0.002528
0.0025299999999999997
0.0025299999999999997
0.002542
0.002554
0.002558
0.002562
0.002564
0.0025659999999999997
0.002578
0.002584
0.0025859999999999998
0.0026179999999999997
0.0026219999999999998
0.002644
0.002672
0.002672
0.002676
0.00268
0.002718
0.002766
0.0027879999999999997
0.0028239999999999997
0.0028599999999999997
0.002884
0.0028899999999999998
0.002898
0.002902
0.0029059999999999997
0.00294
0.002946
0.0029519999999999998
0.0029519999999999998
0.002954
0.0029679999999999997
0.002982
0.002992
0.002996
0.003002
0.003016
0.003034
0.003034
0.003038
0.0030399999999999997
0.003044
0.0031179999999999997
0.003126
0.0031479999999999998
0.003162
0.003194
0.003218
0.003222
0.00324
0.00324
0.003244
0.0032519999999999997
0.00326
0.003266
0.00327
0.003292
0.003294
0.003294
0.003296
0.003302
0.0033039999999999996
0.0033079999999999997
0.0033079999999999997
0.003316
0.003342
0.003346
0.003346
0.003352
0.003358
0.003368
0.003398
0.00341
0.0034219999999999997
0.00343
0.00343
0.003434
0.0034519999999999998
0.003454
0.003472
0.003476
0.00348
0.0035099999999999997
0.0035099999999999997
0.003522
0.003522
0.0035559999999999997
0.0035659999999999997
0.0035819999999999997
0.003616
0.003636
0.00364
0.003652
0.0036599999999999996
0.0036639999999999997
0.0036739999999999997
0.003678
0.003686
0.003698
0.003712
0.003714
0.003724
0.003728
0.003734
0.003738
0.00374
0.00374
0.0037459999999999998
0.0037519999999999997
0.003754
0.003756
0.0037579999999999996
0.003764
0.003766
0.0037679999999999996
0.003774
0.00378
0.003796
0.0038
0.003802
0.0038039999999999997
0.003806
0.003806
0.003812
0.0038179999999999998
0.0038239999999999997
0.003828
0.003832
0.003836
0.0038439999999999998
0.003846
0.0038499999999999997
0.003858
0.0038599999999999997
0.003862
0.003862
0.003864
0.0038659999999999996
0.0038699999999999997
0.003872
0.003872
0.003878
0.003882
0.0038859999999999997
0.0038859999999999997
0.003894
0.0038959999999999997
0.0038959999999999997
0.0039
0.003904
0.0039059999999999997
0.0039059999999999997
0.003908
0.003909999999999999
0.003918
0.003928
0.003934
0.00394
0.003942
0.003946
0.003948
0.0039499999999999995
0.0039499999999999995
0.003952
0.003952
0.003952
0.003952
0.0039559999999999994
0.003958
0.00396
0.003962
0.003962
0.003964
0.003966
0.003968
0.003972
0.003972
0.003972
0.003972
0.003978
0.003978
0.003978
0.003978
0.003978
0.00398
0.00398
0.003981999999999999
0.003981999999999999
0.003981999999999999
0.003981999999999999
0.003984
0.003984
0.003986
0.004004
0.00401
0.004033999999999999
0.004068
0.004088
0.004098
0.004122
0.004122
0.004138
0.004138
0.004148
0.004158
0.0041979999999999995
0.004202
0.004203999999999999
0.004203999999999999
0.004208
0.004212
0.0042499999999999994
0.004254
0.004254
0.004298
0.00432
0.004327999999999999
0.004372
0.004402
0.004444
0.00447
0.00451
0.004569999999999999
0.004574
0.004592
0.004602
0.004778
0.004828
0.004862
0.004876
0.0048779999999999995
0.004912
0.004938
0.004984
0.005032
0.005033999999999999
0.005038
0.00509
0.005102
0.0052
0.0052439999999999995
0.005254
0.005258
0.0052959999999999995
0.005306
0.005326
0.005344
0.00537
0.005382
0.005384
0.00539
0.005405999999999999
0.005422
0.0054399999999999995
0.00548
0.0055
0.0055119999999999995
0.005588
0.005592
0.005604
0.0056099999999999995
0.005618
0.005624
0.005624
0.005718
0.005725999999999999
0.0057399999999999994
0.005745999999999999
0.005764
0.005791999999999999
0.005816
0.005823999999999999
0.005826
0.00583
0.0058379999999999994
0.005846
0.005846
0.005863999999999999
0.005895999999999999
0.0059039999999999995
0.005934
0.005952
0.0059559999999999995
0.005958
0.005974
0.005987999999999999
0.005993999999999999
0.006024
0.006032
0.006059999999999999
0.006068
0.006072
0.006111999999999999
0.006124
0.006128
0.006128
0.006166
0.00622
0.006246
0.0063159999999999996
0.00635
0.006588
0.006664
0.006719999999999999
0.006817999999999999
0.006848
0.006866
0.007048
0.00712
0.0071519999999999995
0.007176
0.007182
0.007218
0.0072299999999999994
0.007261999999999999
0.007298
0.007312
0.007316
0.007319999999999999
0.007362
0.007384
0.007555999999999999
0.007647999999999999
0.007708
0.007724
0.007768
0.0078
0.007826
0.007828
0.007864
0.00787
0.007871999999999999
0.007888
0.007932
0.008029999999999999
0.008046
0.00811
0.008208
0.008414
0.008482
0.008485999999999999
0.0086
0.008702
0.008726
0.009009999999999999
0.00907
0.009202
0.009205999999999999
0.009283999999999999
0.009346
0.00949
0.0096
0.009734
0.009764
0.010034
0.010263999999999999
0.010487999999999999
0.010504
0.01064
0.010735999999999999
0.010784
0.010801999999999999
0.01094
0.011408
0.011559999999999999
0.011632
0.012081999999999999
0.012104
0.012315999999999999
0.012348
0.012372
0.012404
0.012438
0.012827999999999999
0.01321
0.013687999999999999
0.013727999999999999
0.013868
0.01414
0.014563999999999999
0.014702
0.014868
0.014967999999999999
0.015116
0.015792
0.016506
0.01672
0.016732
0.017016
0.017334
0.017452
0.018546
0.019018
0.020215999999999998
0.021492
0.02155
0.022043999999999998
0.022373999999999998
0.022514
0.022935999999999998
0.023715999999999997
0.0263
0.02639
0.027156
0.027304
0.027805999999999997
0.028281999999999998
0.028482
0.030476
0.030549999999999997
0.038078
0.045908
0.051309999999999995
0.089556
0.10364999999999999
0.126268
