0.0
0.0
0.0
0.0
0.0
0.0
0.0
0.0
0.0
0.0
0.0
0.0
0.0
0.0
0.0
0.0
0.0
0.0
0.0
0.0
0.0
0.0
0.0
0.0
0.0
0.0
0.0
0.0
0.0
0.0
0.0
0.0
0.0
0.0
0.0
0.0
0.0
0.0
0.0
0.0
0.0
0.0
0.0
0.0
0.0
0.0
0.0
0.0
0.0
0.0
0.0
0.0
0.0
0.0
0.0
0.0
0.0
0.0
0.0
0.0
0.0
0.0
0.0
0.0
0.0
0.0
0.0
0.0
0.0
0.0
0.0
0.0
0.0
0.0
0.0
0.0
0.0
0.0
0.0
0.0
0.0
0.0
0.0
0.0
0.0
0.0
0.0
0.0
0.0
0.0
0.0
0.0
0.0
0.0
0.0
0.0
0.0
0.0
0.0
0.0
0.0
0.0
0.0
0.0
0.0
0.0
0.0
0.0
0.0
0.0
0.0
0.0
0.0
0.0
0.0
0.0
0.0
0.0
0.0
0.0
0.0
0.0
0.0
0.0
0.0
0.0
0.0
0.0
0.0
0.0
0.0
0.0
0.0
0.0
0.0
0.0
2.0E-6
2.0E-6
2.0E-6
2.0E-6
2.0E-6
2.0E-6
2.0E-6
2.0E-6
2.0E-6
2.0E-6
2.0E-6
2.0E-6
2.0E-6
2.0E-6
2.0E-6
2.0E-6
2.0E-6
2.0E-6
2.0E-6
2.0E-6
2.0E-6
2.0E-6
2.0E-6
2.0E-6
2.0E-6
2.0E-6
2.0E-6
2.0E-6
2.0E-6
2.0E-6
2.0E-6
2.0E-6
2.0E-6
2.0E-6
2.0E-6
2.0E-6
2.0E-6
2.0E-6
2.0E-6
2.0E-6
2.0E-6
2.0E-6
2.0E-6
2.0E-6
2.0E-6
2.0E-6
2.0E-6
2.0E-6
2.0E-6
2.0E-6
2.0E-6
2.0E-6
2.0E-6
2.0E-6
2.0E-6
2.0E-6
2.0E-6
2.0E-6
2.0E-6
2.0E-6
2.0E-6
2.0E-6
2.0E-6
2.0E-6
2.0E-6
2.0E-6
2.0E-6
2.0E-6
2.0E-6
2.0E-6
2.0E-6
2.0E-6
2.0E-6
2.0E-6
2.0E-6
2.0E-6
2.0E-6
2.0E-6
2.0E-6
2.0E-6
2.0E-6
2.0E-6
2.0E-6
2.0E-6
2.0E-6
2.0E-6
2.0E-6
2.0E-6
2.0E-6
2.0E-6
2.0E-6
2.0E-6
2.0E-6
2.0E-6
2.0E-6
2.0E-6
2.0E-6
2.0E-6
2.0E-6
2.0E-6
2.0E-6
2.0E-6
2.0E-6
2.0E-6
2.0E-6
2.0E-6
2.0E-6
4.0E-6
4.0E-6
4.0E-6
4.0E-6
4.0E-6
4.0E-6
4.0E-6
4.0E-6
4.0E-6
4.0E-6
4.0E-6
4.0E-6
4.0E-6
4.0E-6
4.0E-6
4.0E-6
4.0E-6
4.0E-6
4.0E-6
4.0E-6
4.0E-6
4.0E-6
4.0E-6
4.0E-6
4.0E-6
4.0E-6
4.0E-6
4.0E-6
4.0E-6
4.0E-6
4.0E-6
4.0E-6
4.0E-6
4.0E-6
4.0E-6
4.0E-6
4.0E-6
4.0E-6
4.0E-6
4.0E-6
4.0E-6
4.0E-6
4.0E-6
4.0E-6
4.0E-6
4.0E-6
4.0E-6
4.0E-6
4.0E-6
4.0E-6
4.0E-6
4.0E-6
4.0E-6
4.0E-6
4.0E-6
4.0E-6
4.0E-6
4.0E-6
6.0E-6
6.0E-6
6.0E-6
6.0E-6
6.0E-6
6.0E-6
6.0E-6
6.0E-6
6.0E-6
6.0E-6
6.0E-6
6.0E-6
6.0E-6
6.0E-6
6.0E-6
6.0E-6
6.0E-6
6.0E-6
6.0E-6
6.0E-6
6.0E-6
6.0E-6
6.0E-6
6.0E-6
6.0E-6
6.0E-6
6.0E-6
6.0E-6
6.0E-6
6.0E-6
6.0E-6
6.0E-6
6.0E-6
6.0E-6
6.0E-6
6.0E-6
6.0E-6
6.0E-6
6.0E-6
8.0E-6
8.0E-6
8.0E-6
8.0E-6
8.0E-6
8.0E-6
8.0E-6
8.0E-6
8.0E-6
8.0E-6
8.0E-6
8.0E-6
8.0E-6
8.0E-6
8.0E-6
8.0E-6
8.0E-6
8.0E-6
8.0E-6
8.0E-6
8.0E-6
8.0E-6
8.0E-6
8.0E-6
8.0E-6
8.0E-6
8.0E-6
8.0E-6
8.0E-6
8.0E-6
8.0E-6
8.0E-6
8.0E-6
8.0E-6
8.0E-6
8.0E-6
8.0E-6
8.0E-6
8.0E-6
8.0E-6
8.0E-6
8.0E-6
8.0E-6
8.0E-6
9.999999999999999E-6
9.999999999999999E-6
9.999999999999999E-6
9.999999999999999E-6
9.999999999999999E-6
9.999999999999999E-6
9.999999999999999E-6
9.999999999999999E-6
9.999999999999999E-6
9.999999999999999E-6
9.999999999999999E-6
9.999999999999999E-6
9.999999999999999E-6
9.999999999999999E-6
9.999999999999999E-6
9.999999999999999E-6
9.999999999999999E-6
9.999999999999999E-6
9.999999999999999E-6
9.999999999999999E-6
9.999999999999999E-6
9.999999999999999E-6
9.999999999999999E-6
9.999999999999999E-6
9.999999999999999E-6
9.999999999999999E-6
9.999999999999999E-6
9.999999999999999E-6
9.999999999999999E-6
9.999999999999999E-6
9.999999999999999E-6
9.999999999999999E-6
9.999999999999999E-6
1.2E-5
1.2E-5
1.2E-5
1.2E-5
1.2E-5
1.2E-5
1.2E-5
1.2E-5
1.2E-5
1.2E-5
1.2E-5
1.2E-5
1.2E-5
1.2E-5
1.2E-5
1.2E-5
1.2E-5
1.2E-5
1.2E-5
1.2E-5
1.2E-5
1.2E-5
1.2E-5
1.2E-5
1.2E-5
1.2E-5
1.2E-5
1.2E-5
1.2E-5
1.2E-5
1.2E-5
1.2E-5
1.2E-5
1.2E-5
1.2E-5
1.2E-5
1.4E-5
1.4E-5
1.4E-5
1.4E-5
1.4E-5
1.4E-5
1.4E-5
1.4E-5
1.4E-5
1.4E-5
1.4E-5
1.4E-5
1.4E-5
1.4E-5
1.4E-5
1.4E-5
1.4E-5
1.4E-5
1.4E-5
1.4E-5
1.4E-5
1.4E-5
1.4E-5
1.4E-5
1.4E-5
1.6E-5
1.6E-5
1.6E-5
1.6E-5
1.6E-5
1.6E-5
1.6E-5
1.6E-5
1.6E-5
1.6E-5
1.6E-5
1.6E-5
1.6E-5
1.8E-5
1.8E-5
1.8E-5
1.8E-5
1.8E-5
1.8E-5
1.8E-5
1.8E-5
1.8E-5
1.8E-5
1.8E-5
1.8E-5
1.8E-5
1.9999999999999998E-5
1.9999999999999998E-5
1.9999999999999998E-5
1.9999999999999998E-5
1.9999999999999998E-5
1.9999999999999998E-5
1.9999999999999998E-5
1.9999999999999998E-5
1.9999999999999998E-5
1.9999999999999998E-5
1.9999999999999998E-5
1.9999999999999998E-5
1.9999999999999998E-5
1.9999999999999998E-5
1.9999999999999998E-5
1.9999999999999998E-5
1.9999999999999998E-5
2.2E-5
2.2E-5
2.2E-5
2.2E-5
2.2E-5
2.2E-5
2.4E-5
2.4E-5
2.4E-5
2.4E-5
2.4E-5
2.4E-5
2.4E-5
2.4E-5
2.4E-5
2.4E-5
2.4E-5
2.4E-5
2.4E-5
2.4E-5
2.4E-5
2.4E-5
2.4E-5
2.4E-5
2.4E-5
2.4E-5
2.4E-5
2.6E-5
2.6E-5
2.6E-5
2.6E-5
2.6E-5
2.6E-5
2.6E-5
2.6E-5
2.6E-5
2.6E-5
2.8E-5
2.8E-5
2.8E-5
2.8E-5
2.8E-5
2.8E-5
2.8E-5
2.8E-5
2.8E-5
2.8E-5
2.8E-5
2.8E-5
2.8E-5
2.9999999999999997E-5
2.9999999999999997E-5
2.9999999999999997E-5
2.9999999999999997E-5
2.9999999999999997E-5
2.9999999999999997E-5
2.9999999999999997E-5
2.9999999999999997E-5
3.2E-5
3.2E-5
3.2E-5
3.2E-5
3.2E-5
3.2E-5
3.2E-5
3.2E-5
3.2E-5
3.2E-5
3.4E-5
3.4E-5
3.4E-5
3.4E-5
3.4E-5
3.4E-5
3.4E-5
3.4E-5
3.4E-5
3.4E-5
3.6E-5
3.6E-5
3.6E-5
3.6E-5
3.6E-5
3.6E-5
3.6E-5
3.6E-5
3.6E-5
3.7999999999999995E-5
3.7999999999999995E-5
3.7999999999999995E-5
3.7999999999999995E-5
3.9999999999999996E-5
3.9999999999999996E-5
3.9999999999999996E-5
3.9999999999999996E-5
3.9999999999999996E-5
3.9999999999999996E-5
3.9999999999999996E-5
3.9999999999999996E-5
3.9999999999999996E-5
4.2E-5
4.2E-5
4.2E-5
4.2E-5
4.2E-5
4.2E-5
4.2E-5
4.2E-5
4.2E-5
4.4E-5
4.4E-5
4.4E-5
4.4E-5
4.4E-5
4.4E-5
4.4E-5
4.4E-5
4.4E-5
4.4E-5
4.6E-5
4.6E-5
4.6E-5
4.6E-5
4.6E-5
4.6E-5
4.6E-5
4.8E-5
4.8E-5
4.8E-5
4.8E-5
4.8E-5
4.9999999999999996E-5
4.9999999999999996E-5
4.9999999999999996E-5
4.9999999999999996E-5
5.2E-5
5.2E-5
5.2E-5
5.2E-5
5.2E-5
5.4E-5
5.4E-5
5.4E-5
5.4E-5
5.4E-5
5.6E-5
5.6E-5
5.6E-5
5.8E-5
5.8E-5
5.9999999999999995E-5
5.9999999999999995E-5
5.9999999999999995E-5
6.2E-5
6.2E-5
6.2E-5
6.2E-5
6.8E-5
6.8E-5
7.0E-5
7.2E-5
7.2E-5
7.2E-5
7.4E-5
7.599999999999999E-5
7.599999999999999E-5
7.8E-5
7.8E-5
7.8E-5
7.999999999999999E-5
7.999999999999999E-5
7.999999999999999E-5
7.999999999999999E-5
7.999999999999999E-5
7.999999999999999E-5
7.999999999999999E-5
7.999999999999999E-5
8.2E-5
8.4E-5
8.4E-5
8.4E-5
8.4E-5
8.4E-5
8.8E-5
8.8E-5
8.8E-5
8.999999999999999E-5
8.999999999999999E-5
9.2E-5
9.2E-5
9.2E-5
9.2E-5
9.2E-5
9.2E-5
9.2E-5
9.4E-5
9.4E-5
9.4E-5
9.4E-5
9.4E-5
9.6E-5
9.6E-5
1.02E-4
1.04E-4
1.04E-4
1.04E-4
1.04E-4
1.08E-4
1.0999999999999999E-4
1.1399999999999999E-4
1.16E-4
1.16E-4
1.18E-4
1.18E-4
1.18E-4
1.1999999999999999E-4
1.1999999999999999E-4
1.1999999999999999E-4
1.1999999999999999E-4
1.22E-4
1.22E-4
1.24E-4
1.24E-4
1.26E-4
1.28E-4
1.28E-4
1.28E-4
1.3E-4
1.3E-4
1.3199999999999998E-4
1.4E-4
1.46E-4
1.48E-4
1.48E-4
1.5199999999999998E-4
1.5199999999999998E-4
1.58E-4
1.6199999999999998E-4
1.64E-4
1.64E-4
1.64E-4
1.64E-4
1.66E-4
1.68E-4
1.68E-4
1.68E-4
1.76E-4
1.78E-4
1.86E-4
1.86E-4
1.88E-4
1.8999999999999998E-4
1.92E-4
1.94E-4
1.94E-4
1.94E-4
1.96E-4
1.96E-4
1.98E-4
2.04E-4
2.04E-4
2.26E-4
2.26E-4
2.34E-4
2.34E-4
2.3999999999999998E-4
2.3999999999999998E-4
2.42E-4
2.52E-4
2.52E-4
2.6E-4
2.6399999999999997E-4
2.6399999999999997E-4
2.6399999999999997E-4
2.66E-4
2.7E-4
2.72E-4
2.74E-4
2.76E-4
2.78E-4
2.8399999999999996E-4
2.86E-4
2.92E-4
2.96E-4
2.98E-4
2.98E-4
2.98E-4
3.0E-4
3.0399999999999996E-4
3.0399999999999996E-4
3.08E-4
3.1E-4
3.14E-4
3.16E-4
3.2199999999999997E-4
3.32E-4
3.3999999999999997E-4
3.4199999999999996E-4
3.48E-4
3.52E-4
3.5999999999999997E-4
3.72E-4
3.8199999999999996E-4
3.92E-4
3.92E-4
3.9999999999999996E-4
3.9999999999999996E-4
4.06E-4
4.08E-4
4.14E-4
4.16E-4
4.2199999999999996E-4
4.26E-4
4.28E-4
4.28E-4
4.32E-4
4.3599999999999997E-4
4.3999999999999996E-4
4.5599999999999997E-4
4.5599999999999997E-4
4.5999999999999996E-4
4.7999999999999996E-4
4.8199999999999995E-4
4.919999999999999E-4
4.919999999999999E-4
5.04E-4
5.08E-4
5.12E-4
5.14E-4
5.2E-4
5.36E-4
5.38E-4
5.4E-4
5.4E-4
5.42E-4
5.44E-4
5.48E-4
5.52E-4
5.52E-4
5.6E-4
5.72E-4
5.76E-4
5.78E-4
5.84E-4
6.02E-4
6.14E-4
6.2E-4
6.299999999999999E-4
6.42E-4
6.42E-4
6.439999999999999E-4
6.5E-4
6.5E-4
6.56E-4
6.58E-4
6.78E-4
7.059999999999999E-4
7.08E-4
7.12E-4
7.18E-4
7.239999999999999E-4
7.459999999999999E-4
7.52E-4
7.68E-4
7.74E-4
7.8E-4
7.8E-4
7.84E-4
7.859999999999999E-4
7.94E-4
7.999999999999999E-4
8.08E-4
8.08E-4
8.139999999999999E-4
8.28E-4
8.3E-4
8.32E-4
8.32E-4
8.359999999999999E-4
8.359999999999999E-4
8.439999999999999E-4
8.46E-4
8.719999999999999E-4
8.92E-4
9.1E-4
9.18E-4
9.199999999999999E-4
9.239999999999999E-4
9.28E-4
9.36E-4
9.599999999999999E-4
0.0010199999999999999
0.001044
0.001044
0.0010659999999999999
0.001068
0.001076
0.001076
0.001078
0.00108
0.0010999999999999998
0.001104
0.001126
0.001152
0.001158
0.001166
0.0011819999999999999
0.001188
0.001196
0.00121
0.001212
0.0012159999999999999
0.001228
0.0012599999999999998
0.001272
0.0012879999999999999
0.0012959999999999998
0.001338
0.0013419999999999999
0.001346
0.001352
0.001352
0.001356
0.0013599999999999999
0.001366
0.0013679999999999999
0.00137
0.0013859999999999999
0.001408
0.0014219999999999999
0.001436
0.00145
0.001452
0.00146
0.0014759999999999999
0.001482
0.0014839999999999999
0.001504
0.001518
0.001518
0.001536
0.0015379999999999999
0.0015559999999999999
0.00156
0.001568
0.0015739999999999999
0.00158
0.001602
0.0016279999999999999
0.001656
0.001664
0.001682
0.001686
0.001686
0.0016979999999999999
0.0016979999999999999
0.001704
0.001712
0.001718
0.0017259999999999999
0.00173
0.00173
0.0017319999999999998
0.0017339999999999999
0.001748
0.001754
0.001754
0.001754
0.001766
0.0017679999999999998
0.001794
0.0017959999999999999
0.0018059999999999999
0.00181
0.0018139999999999999
0.0018299999999999998
0.001836
0.0018419999999999999
0.0018419999999999999
0.001844
0.001856
0.0018599999999999999
0.0018659999999999998
0.0018659999999999998
0.0018659999999999998
0.0018759999999999998
0.001878
0.00188
0.001882
0.0018859999999999999
0.001892
0.001892
0.001898
0.0019
0.0019019999999999998
0.0019039999999999999
0.0019039999999999999
0.001908
0.0019119999999999999
0.001918
0.001918
0.0019199999999999998
0.0019199999999999998
0.001926
0.001934
0.001934
0.001934
0.001936
0.001936
0.0019379999999999998
0.0019379999999999998
0.0019399999999999999
0.001942
0.0019459999999999998
0.0019459999999999998
0.0019479999999999999
0.0019479999999999999
0.0019479999999999999
0.0019479999999999999
0.00195
0.00195
0.00195
0.00195
0.001952
0.001954
0.001954
0.001956
0.001956
0.001956
0.001956
0.001958
0.001958
0.001958
0.001958
0.00196
0.00196
0.00196
0.0019619999999999998
0.0019619999999999998
0.0019619999999999998
0.0019619999999999998
0.0019619999999999998
0.001964
0.001964
0.001964
0.001964
0.001964
0.001964
0.001964
0.001966
0.001966
0.001966
0.001966
0.001966
0.001966
0.001966
0.001966
0.001966
0.001966
0.0019679999999999997
0.0019679999999999997
0.0019679999999999997
0.0019679999999999997
0.0019679999999999997
0.0019679999999999997
0.0019679999999999997
0.00197
0.00197
0.00197
0.00197
0.00197
0.00197
0.00197
0.00197
0.001972
0.001972
0.001972
0.001972
0.001972
0.001972
0.001972
0.001972
0.001972
0.001972
0.001972
0.001972
0.001972
0.001974
0.001974
0.001974
0.001974
0.001974
0.001974
0.001974
0.001974
0.001976
0.001976
0.001976
0.001976
0.001976
0.001976
0.001976
0.001976
0.001976
0.001976
0.0019779999999999997
0.0019779999999999997
0.0019779999999999997
0.0019779999999999997
0.0019779999999999997
0.0019779999999999997
0.0019779999999999997
0.0019779999999999997
0.0019779999999999997
0.00198
0.00198
0.00198
0.00198
0.00198
0.00198
0.00198
0.00198
0.001982
0.001982
0.001982
0.001982
0.001982
0.001982
0.001982
0.001982
0.001982
0.001982
0.001982
0.001982
0.001982
0.001984
0.001984
0.001984
0.001984
0.001984
0.001984
0.001984
0.001984
0.001984
0.001984
0.001984
0.001984
0.001984
0.001984
0.001984
0.001984
0.001984
0.001984
0.001984
0.001984
0.001984
0.001984
0.001984
0.001984
0.001984
0.001984
0.001984
0.001986
0.001986
0.001986
0.001986
0.001986
0.001986
0.001986
0.001986
0.001986
0.001986
0.001986
0.001986
0.001986
0.001986
0.001986
0.001986
0.001986
0.001986
0.001986
0.001986
0.001986
0.001986
0.001986
0.001986
0.0019879999999999997
0.0019879999999999997
0.0019879999999999997
0.0019879999999999997
0.0019879999999999997
0.0019879999999999997
0.0019879999999999997
0.0019879999999999997
0.0019879999999999997
0.0019879999999999997
0.0019879999999999997
0.0019879999999999997
0.0019879999999999997
0.0019879999999999997
0.0019879999999999997
0.0019879999999999997
0.0019879999999999997
0.0019879999999999997
0.0019879999999999997
0.0019879999999999997
0.0019879999999999997
0.0019879999999999997
0.0019879999999999997
0.0019879999999999997
0.0019879999999999997
0.0019879999999999997
0.0019879999999999997
0.0019879999999999997
0.00199
0.00199
0.00199
0.00199
0.00199
0.00199
0.00199
0.00199
0.00199
0.00199
0.00199
0.00199
0.00199
0.00199
0.00199
0.00199
0.00199
0.00199
0.00199
0.00199
0.00199
0.00199
0.00199
0.00199
0.00199
0.00199
0.00199
0.00199
0.00199
0.00199
0.00199
0.00199
0.00199
0.00199
0.00199
0.00199
0.00199
0.00199
0.00199
0.00199
0.001992
0.001992
0.001992
0.001992
0.001992
0.001992
0.001992
0.001992
0.001992
0.001992
0.001992
0.001992
0.001992
0.001992
0.001992
0.001992
0.001992
0.001992
0.001992
0.001992
0.001992
0.001992
0.001992
0.001992
0.001992
0.001992
0.001992
0.001992
0.001992
0.001992
0.001992
0.001992
0.001992
0.001992
0.001992
0.001992
0.001992
0.001992
0.001992
0.001992
0.001992
0.001992
0.001992
0.001992
0.001992
0.001992
0.001992
0.001992
0.001992
0.001992
0.001992
0.001994
0.001994
0.001994
0.001994
0.001994
0.001994
0.001994
0.001994
0.001994
0.001994
0.001994
0.001994
0.001994
0.001994
0.001994
0.001994
0.001994
0.001994
0.001994
0.001994
0.001994
0.001994
0.001994
0.001994
0.001994
0.001994
0.001994
0.001994
0.001994
0.001994
0.001994
0.001994
0.001994
0.001994
0.001994
0.001994
0.001994
0.001994
0.001994
0.001994
0.001994
0.001994
0.001994
0.001994
0.001994
0.001994
0.001994
0.001994
0.001994
0.001994
0.001994
0.001994
0.001994
0.001994
0.001994
0.001994
0.001994
0.001994
0.001994
0.001994
0.001994
0.001994
0.001994
0.001994
0.001994
0.001994
0.001994
0.001994
0.001994
0.001994
0.001994
0.001994
0.001994
0.001994
0.001994
0.001994
0.001994
0.001994
0.001994
0.001994
0.001994
0.001994
0.001994
0.001994
0.001994
0.001994
0.001994
0.001994
0.001994
0.001994
0.001994
0.001994
0.001994
0.001994
0.001994
0.001994
0.001994
0.001994
0.001994
0.001994
0.001994
0.001994
0.001994
0.001994
0.001994
0.001994
0.001994
0.001994
0.001994
0.001994
0.001994
0.001994
0.001994
0.001994
0.001994
0.001994
0.001994
0.001994
0.001994
0.001994
0.001994
0.001994
0.001994
0.001994
0.001994
0.001994
0.001994
0.001994
0.001994
0.001994
0.001994
0.001994
0.001994
0.001994
0.001994
0.001994
0.001994
0.001994
0.001994
0.001994
0.001994
0.001994
0.001994
0.001994
0.001994
0.001994
0.001994
0.001994
0.001994
0.001994
0.001994
0.001994
0.001996
0.001996
0.001996
0.001996
0.001996
0.001996
0.001996
0.001996
0.001996
0.001996
0.001996
0.001996
0.001996
0.001996
0.001996
0.001996
0.001996
0.001996
0.001996
0.001996
0.001996
0.001996
0.001996
0.001996
0.001996
0.001996
0.001996
0.001996
0.001996
0.001996
0.001996
0.001996
0.001996
0.001996
0.001996
0.001996
0.001996
0.001996
0.001996
0.001996
0.001996
0.001996
0.001996
0.001996
0.001996
0.001996
0.001996
0.001996
0.001996
0.001996
0.001996
0.001996
0.001996
0.001996
0.001996
0.001996
0.001996
0.001996
0.001996
0.001996
0.001996
0.001996
0.001996
0.001996
0.001996
0.001996
0.001996
0.001996
0.001996
0.001996
0.001996
0.001996
0.0019979999999999998
0.0019979999999999998
0.0019979999999999998
0.0019979999999999998
0.0019979999999999998
0.0019979999999999998
0.0019979999999999998
0.002
0.002
0.002
0.002
0.002
0.002
0.002002
0.002002
0.002002
0.002002
0.0020039999999999997
0.0020039999999999997
0.0020039999999999997
0.002006
0.002006
0.002006
0.002008
0.002008
0.002008
0.00201
0.00201
0.00201
0.002012
0.002012
0.002012
0.002012
0.0020139999999999997
0.0020139999999999997
0.002016
0.00202
0.002022
0.002022
0.002022
0.002022
0.002022
0.0020239999999999998
0.002028
0.002032
0.002034
0.002034
0.002044
0.002054
0.002062
0.0020859999999999997
0.0021
0.002104
0.002118
0.0021219999999999998
0.002146
0.0021479999999999997
0.002152
0.002162
0.002168
0.0021739999999999997
0.002192
0.0021999999999999997
0.00225
0.002288
0.0022979999999999997
0.0023
0.00232
0.002418
0.0024419999999999997
0.00249
0.002526
0.002554
0.002562
0.002574
0.002608
0.0026219999999999998
0.0026279999999999997
0.00264
0.002642
0.0027099999999999997
0.00276
0.0028239999999999997
0.0028339999999999997
0.002848
0.002856
0.002876
0.002884
0.0028899999999999998
0.0029
0.002944
0.002962
0.00297
0.003028
0.003054
0.003058
0.00306
0.0030859999999999998
0.003096
0.00312
0.003156
0.0032199999999999998
0.0032359999999999997
0.003244
0.0032719999999999997
0.0033239999999999997
0.003326
0.003336
0.0033439999999999998
0.0033439999999999998
0.003356
0.003358
0.003358
0.003388
0.003388
0.003388
0.0034219999999999997
0.003492
0.003522
0.003538
0.003578
0.0036119999999999998
0.0036179999999999997
0.0036279999999999997
0.003632
0.003642
0.003646
0.0036599999999999996
0.003686
0.0036899999999999997
0.003694
0.003724
0.0037459999999999998
0.003754
0.003784
0.003792
0.003796
0.003802
0.003802
0.0038199999999999996
0.0038659999999999996
0.0038759999999999997
0.0038799999999999998
0.003884
0.003884
0.0038959999999999997
0.003898
0.0039019999999999997
0.0039059999999999997
0.003914
0.003914
0.003914
0.003914
0.003918
0.003918
0.00392
0.003926
0.003926
0.003928
0.0039299999999999995
0.003932
0.003932
0.003934
0.003935999999999999
0.003938
0.003942
0.003942
0.003942
0.003944
0.003944
0.003946
0.003948
0.003948
0.003948
0.0039499999999999995
0.003952
0.003954
0.003958
0.003958
0.003958
0.00396
0.00396
0.00396
0.003962
0.003962
0.003962
0.003962
0.003962
0.003962
0.003962
0.003964
0.003964
0.003964
0.003964
0.003964
0.003966
0.003966
0.003966
0.003966
0.00397
0.00397
0.00397
0.003972
0.003972
0.003972
0.003974
0.003974
0.0039759999999999995
0.0039759999999999995
0.0039759999999999995
0.0039759999999999995
0.0039759999999999995
0.003978
0.003978
0.003978
0.003978
0.003978
0.003978
0.003978
0.00398
0.00398
0.00398
0.00398
0.00398
0.003981999999999999
0.003981999999999999
0.003981999999999999
0.003981999999999999
0.003981999999999999
0.003981999999999999
0.003981999999999999
0.003981999999999999
0.003981999999999999
0.003981999999999999
0.003984
0.003984
0.003984
0.003984
0.003984
0.003984
0.003984
0.003984
0.003986
0.003986
0.003986
0.003986
0.003986
0.003986
0.003986
0.003986
0.003986
0.003986
0.003986
0.003988
0.003988
0.003988
0.003988
0.00399
0.003994
0.004
0.00405
0.004056
0.00413
0.004134
0.00418
0.0042179999999999995
0.0042499999999999994
0.004256
0.004301999999999999
0.004314
0.004332
0.00434
0.004474
0.004478
0.0044859999999999995
0.004568
0.004572
0.004664
0.004854
0.00488
0.0049
0.0049039999999999995
0.004914
0.004996
0.005
0.005036
0.00509
0.005094
0.005094
0.005104
0.005108
0.0051259999999999995
0.005166
0.00517
0.005203999999999999
0.005208
0.005286
0.005442
0.00545
0.005574
0.00563
0.005719999999999999
0.005724
0.00573
0.005758
0.005782
0.0057859999999999995
0.005822
0.005869999999999999
0.005888
0.005894
0.005895999999999999
0.005902
0.005914
0.005918
0.005918
0.005928
0.0059359999999999994
0.0059359999999999994
0.005946
0.005946
0.0059499999999999996
0.0059499999999999996
0.00596
0.00596
0.00596
0.005964
0.005966
0.00597
0.0059759999999999995
0.006024
0.006214
0.00632
0.00633
0.006456
0.006588
0.0066159999999999995
0.006774
0.006776
0.006829999999999999
0.006856
0.006869999999999999
0.006978
0.007102
0.007142
0.007188
0.007209999999999999
0.007215999999999999
0.007324
0.007344
0.007358
0.007411999999999999
0.007444
0.007601999999999999
0.00762
0.0076619999999999995
0.007704
0.007777999999999999
0.00779
0.007797999999999999
0.007819999999999999
0.007866
0.00788
0.007882
0.00789
0.007916
0.007925999999999999
0.007934
0.007942
0.007944
0.00795
0.008106
0.008178
0.008407999999999999
0.00883
0.009186
0.009492
0.009594
0.009758
0.009767999999999999
0.009798
0.010204
0.010386
0.010513999999999999
0.010522
0.011153999999999999
0.01134
0.011594
0.011602
0.011611999999999999
0.011628
0.011642
0.011666
0.011871999999999999
0.012053999999999999
0.012124
0.01223
0.012627999999999999
0.013038
0.013104
0.01355
0.014634
0.014804
0.01486
0.015007999999999999
0.015127999999999999
0.015912
0.016456
0.016527999999999998
0.017072
0.017953999999999998
0.018274
0.018972
0.019518
0.01994
0.020316
0.020322
0.020562
0.021415999999999998
0.021956
0.022092
0.023955999999999998
0.024243999999999998
0.024329999999999997
0.025504
0.025716
0.026605999999999998
0.027198
0.029137999999999997
0.0331
0.036205999999999995
0.045794
0.049582
0.059519999999999997
0.061862
0.10159399999999999
